of,the,1,1,1,18210454197,1
in,the,1,1,1,9657358821,1
to,the,1,1,1,6249348451,1
on,the,1,1,1,3789604711,1
it,is,1,1,1,2943239331,1
by,the,1,1,1,2935494951,1
to,be,1,1,1,2854926428,1
at,the,1,1,1,2210621757,1
is,the,1,1,1,1252908837,1
as,the,1,1,1,1251774594,1
if,the,1,1,1,611836305,1
as,to,1,1,1,512257892,1
is,to,1,1,1,483317780,1
to,do,1,1,1,472972246,1
of,an,1,1,1,472523299,1
or,the,1,1,1,411294952,1
he,is,1,1,1,357199321,1
of,it,1,1,1,343469983,1
as,it,1,1,1,341160520,1
up,to,1,1,1,327334218,1
in,an,1,1,1,304837307,1
to,me,1,1,1,299170683,1
is,an,1,1,1,288549424,1
be,the,1,1,1,286321043,1
as,he,1,1,1,283442595,1
as,an,1,1,1,282915762,1
is,in,1,1,1,280287872,1
is,no,1,1,1,270986989,1
as,in,1,1,1,255019145,1
if,it,1,1,1,223985842,1
to,go,1,1,1,212461060,1
if,he,1,1,1,206457124,1
as,if,1,1,1,204075510,1
or,in,1,1,1,203651952,1
as,we,1,1,1,196245899,1
or,to,1,1,1,193807013,1
of,my,1,1,1,192573033,1
to,an,1,1,1,192521724,1
it,to,1,1,1,190067211,1
in,my,1,1,1,189268839,1
up,the,1,1,1,188661910,1
the,king,1,1,1,188602363,1
to,it,1,1,1,177225034,1
if,we,1,1,1,174816631,1
be,in,1,1,1,137995317,1
me,to,1,1,1,137454306,1
by,an,1,1,1,135483928,1
we,do,1,1,1,134642451,1
it,in,1,1,1,133923456,1
is,it,1,1,1,132110908,1
is,of,1,1,1,125968050,1
in,it,1,1,1,125964796,1
or,by,1,1,1,122189472,1
do,so,1,1,1,122126310,1
the,sea,1,1,1,120794884,1
to,us,1,1,1,118063408,1
go,to,1,1,1,112058220,1
so,as,1,1,1,110522084,1
of,us,1,1,1,109992269,1
to,my,1,1,1,109504841,1
us,to,1,1,1,106563742,1
up,in,1,1,1,100808152,1
or,of,1,1,1,95211418,1
do,it,1,1,1,94000709,1
is,so,1,1,1,91203942,1
as,is,1,1,1,90717578,1
on,an,1,1,1,87350027,1
so,the,1,1,1,86616360,1
on,to,1,1,1,86494784,1
or,at,1,1,1,81281020,1
it,as,1,1,1,80326221,1
be,an,1,1,1,79430536,1
is,as,1,1,1,79165074,1
on,it,1,1,1,75143095,1
is,at,1,1,1,74694951,1
be,of,1,1,1,73908771,1
the,so,1,1,1,70542333,1
be,no,1,1,1,70285978,1
as,of,1,1,1,68741912,1
or,if,1,1,1,67960916,1
so,on,1,1,1,67306067,1
it,be,1,1,1,65664118,1
at,an,1,1,1,65454309,1
be,so,1,1,1,62899567,1
or,as,1,1,1,60432642,1
it,the,1,1,1,58509814,1
on,my,1,1,1,58280591,1
so,it,1,1,1,58047389,1
if,so,1,1,1,56990135,1
is,on,1,1,1,55708129,1
do,the,1,1,1,55524161,1
up,of,1,1,1,53430749,1
in,no,1,1,1,51900975,1
be,to,1,1,1,51268664,1
or,an,1,1,1,50771372,1
go,on,1,1,1,49372809,1
king,of,1,1,1,49141180,1
so,we,1,1,1,47412306,1
so,he,1,1,1,47208835,1
of,no,1,1,1,46910211,1
of,me,1,1,1,45753786,1
or,on,1,1,1,45700899,1
be,it,1,1,1,45253833,1
at,me,1,1,1,45127792,1
it,up,1,1,1,44754662,1
or,so,1,1,1,43630397,1
be,as,1,1,1,43558230,1
it,on,1,1,1,42983190,1
me,in,1,1,1,42026474,1
in,so,1,1,1,41896632,1
to,as,1,1,1,41245108,1
to,in,1,1,1,40160247,1
is,by,1,1,1,39863420,1
by,it,1,1,1,39618693,1
or,is,1,1,1,39307679,1
on,or,1,1,1,38949535,1
be,at,1,1,1,38856746,1
up,by,1,1,1,38517537,1
up,on,1,1,1,36989701,1
it,by,1,1,1,36225364,1
by,no,1,1,1,35780605,1
me,the,1,1,1,35540676,1
to,eat,1,1,1,35493303,1
us,in,1,1,1,35102086,1
the,co,1,1,1,34995401,1
so,to,1,1,1,34519386,1
up,at,1,1,1,33403041,1
is,my,1,1,1,33354634,1
at,it,1,1,1,33211890,1
of,in,1,1,1,32736911,1
on,in,1,1,1,32495825,1
it,at,1,1,1,30938538,1
or,no,1,1,1,30858032,1
the,thing,1,1,1,30231184,1
be,on,1,1,1,29824598,1
so,in,1,1,1,29756528,1
do,we,1,1,1,29425060,1
to,or,1,1,1,29189921,1
in,to,1,1,1,28640313,1
is,he,1,1,1,26537095,1
on,me,1,1,1,26491319,1
he,or,1,1,1,26428375,1
if,an,1,1,1,25778322,1
us,the,1,1,1,25749642,1
it,so,1,1,1,25100878,1
if,in,1,1,1,25052931,1
no,no,1,1,1,24984074,1
me,as,1,1,1,24882122,1
at,my,1,1,1,24850353,1
thing,to,1,1,1,24799650,1
as,at,1,1,1,24685069,1
of,so,1,1,1,24285589,1
of,at,1,1,1,24177106,1
in,or,1,1,1,23900740,1
or,it,1,1,1,23900737,1
it,or,1,1,1,22842687,1
of,as,1,1,1,21713612,1
at,sea,1,1,1,21636092,1
by,my,1,1,1,21032385,1
the,in,1,1,1,20934622,1
of,co,1,1,1,20700938,1
the,the,1,1,1,20394577,1
as,by,1,1,1,19912993,1
do,to,1,1,1,19697499,1
up,as,1,1,1,19542336,1
of,or,1,1,1,19483424,1
as,my,1,1,1,19112984,1
the,ring,1,1,1,19081295,1
of,to,1,1,1,18864851,1
in,at,1,1,1,18674521,1
as,on,1,1,1,18647627,1
to,by,1,1,1,18448560,1
to,no,1,1,1,18419440,1
in,as,1,1,1,18223449,1
in,on,1,1,1,18154227,1
in,me,1,1,1,17944341,1
do,in,1,1,1,17722673,1
or,be,1,1,1,17278143,1
on,by,1,1,1,16907606,1
if,no,1,1,1,16749550,1
via,the,1,1,1,16596798,1
thing,is,1,1,1,16259065,1
if,at,1,1,1,16238635,1
we,go,1,1,1,16084487,1
do,do,1,1,1,15801460,1
of,by,1,1,1,15725825,1
by,me,1,1,1,15637400,1
the,ear,1,1,1,15545200,1
in,by,1,1,1,15540122,1
of,king,1,1,1,15326270,1
co,of,1,1,1,14985980,1
go,in,1,1,1,14842973,1
do,is,1,1,1,14746468,1
as,no,1,1,1,14520619,1
me,of,1,1,1,14500543,1
no,of,1,1,1,14452140,1
to,co,1,1,1,14449395,1
us,as,1,1,1,14235006,1
at,no,1,1,1,14216414,1
in,in,1,1,1,14211310,1
it,he,1,1,1,13945950,1
me,on,1,1,1,13721753,1
the,by,1,1,1,13685685,1
or,he,1,1,1,13441255,1
or,do,1,1,1,13353495,1
of,thing,1,1,1,13317716,1
me,at,1,1,1,12967258,1
so,if,1,1,1,12903381,1
thing,in,1,1,1,12774204,1
at,or,1,1,1,12754330,1
me,by,1,1,1,12597983,1
he,be,1,1,1,12508602,1
so,is,1,1,1,12393821,1
by,or,1,1,1,12382056,1
the,no,1,1,1,12270898,1
an,in,1,1,1,12085832,1
by,us,1,1,1,11833195,1
it,it,1,1,1,11690970,1
on,us,1,1,1,11648568,1
it,if,1,1,1,11586176,1
me,up,1,1,1,10893516,1
to,sea,1,1,1,10761403,1
go,up,1,1,1,10632529,1
it,of,1,1,1,10601291,1
of,thy,1,1,1,10472470,1
me,if,1,1,1,10358073,1
to,sing,1,1,1,10236815,1
the,wing,1,1,1,10196996,1
us,of,1,1,1,10187447,1
be,by,1,1,1,10131081,1
up,an,1,1,1,10110566,1
of,up,1,1,1,10033698,1
to,so,1,1,1,9917552,1
is,or,1,1,1,9911077,1
it,an,1,1,1,9907610,1
us,by,1,1,1,9848782,1
if,to,1,1,1,9795136,1
do,as,1,1,1,9783166,1
on,at,1,1,1,9733402,1
up,or,1,1,1,9719481,1
up,my,1,1,1,9666114,1
on,as,1,1,1,9609280,1
me,so,1,1,1,9472183,1
of,sea,1,1,1,9471560,1
to,at,1,1,1,9460978,1
in,co,1,1,1,9402852,1
the,of,1,1,1,9394937,1
of,tea,1,1,1,9374178,1
am,the,1,1,1,9314276,1
of,on,1,1,1,9253130,1
in,us,1,1,1,9249312,1
as,do,1,1,1,9145397,1
thing,as,1,1,1,9045417,1
us,at,1,1,1,9043985,1
if,my,1,1,1,8982314,1
be,my,1,1,1,8979942,1
so,do,1,1,1,8891259,1
the,on,1,1,1,8884869,1
so,by,1,1,1,8851143,1
is,up,1,1,1,8579997,1
co,the,1,1,1,8521303,1
us,is,1,1,1,8375411,1
us,on,1,1,1,8169332,1
me,he,1,1,1,8141847,1
if,by,1,1,1,8125003,1
it,we,1,1,1,8060084,1
am,in,1,1,1,8055966,1
no,it,1,1,1,8054604,1
to,to,1,1,1,7929837,1
if,on,1,1,1,7898456,1
or,we,1,1,1,7893994,1
is,if,1,1,1,7749122,1
as,so,1,1,1,7561449,1
me,it,1,1,1,7528421,1
sea,of,1,1,1,7409344,1
the,tea,1,1,1,7378269,1
to,he,1,1,1,7321405,1
in,of,1,1,1,7235540,1
if,as,1,1,1,7226428,1
of,of,1,1,1,7077364,1
me,is,1,1,1,7047336,1
by,so,1,1,1,7039887,1
at,us,1,1,1,7025502,1
we,in,1,1,1,7008232,1
he,in,1,1,1,6936817,1
by,sea,1,1,1,6888907,1
to,is,1,1,1,6871438,1
is,we,1,1,1,6850184,1
thing,of,1,1,1,6672146,1
us,we,1,1,1,6593224,1
we,to,1,1,1,6577843,1
so,at,1,1,1,6558509,1
in,thy,1,1,1,6523602,1
we,the,1,1,1,6443544,1
it,no,1,1,1,6433959,1
of,is,1,1,1,6372581,1
he,at,1,1,1,6314808,1
go,by,1,1,1,6233273,1
me,my,1,1,1,6196253,1
he,do,1,1,1,6149433,1
be,if,1,1,1,6079884,1
he,the,1,1,1,5945868,1
an,on,1,1,1,5938318,1
do,no,1,1,1,5829280,1
me,or,1,1,1,5814419,1
it,do,1,1,1,5687851,1
ring,of,1,1,1,5622936,1
me,an,1,1,1,5615721,1
it,go,1,1,1,5574813,1
by,at,1,1,1,5569387,1
we,be,1,1,1,5534130,1
up,so,1,1,1,5400207,1
king,in,1,1,1,5298225,1
by,in,1,1,1,5283062,1
thing,he,1,1,1,5271607,1
am,to,1,1,1,5251072,1
in,he,1,1,1,5198188,1
on,of,1,1,1,5178427,1
king,to,1,1,1,5171602,1
he,to,1,1,1,5153330,1
the,up,1,1,1,5102784,1
on,no,1,1,1,5003235,1
the,as,1,1,1,4999574,1
am,of,1,1,1,4989834,1
is,is,1,1,1,4985308,1
me,go,1,1,1,4955467,1
no,the,1,1,1,4924632,1
on,so,1,1,1,4818610,1
up,is,1,1,1,4782070,1
do,if,1,1,1,4760597,1
the,to,1,1,1,4713763,1
he,so,1,1,1,4690148,1
do,or,1,1,1,4650701,1
to,on,1,1,1,4634342,1
co,in,1,1,1,4543107,1
go,of,1,1,1,4536350,1
no,he,1,1,1,4520551,1
wing,of,1,1,1,4499622,1
be,up,1,1,1,4482866,1
thing,we,1,1,1,4402667,1
so,be,1,1,1,4394908,1
in,is,1,1,1,4391172,1
to,thy,1,1,1,4312841,1
we,as,1,1,1,4295508,1
us,an,1,1,1,4283764,1
at,in,1,1,1,4256312,1
am,so,1,1,1,4250428,1
my,ear,1,1,1,4155515,1
thing,the,1,1,1,4124474,1
an,up,1,1,1,4120472,1
do,my,1,1,1,4030470,1
so,no,1,1,1,4029168,1
eat,it,1,1,1,4024087,1
be,or,1,1,1,4021567,1
by,as,1,1,1,4010012,1
eat,the,1,1,1,3986288,1
so,of,1,1,1,3976296,1
the,at,1,1,1,3942032,1
to,king,1,1,1,3937761,1
or,go,1,1,1,3917253,1
sea,in,1,1,1,3912006,1
by,to,1,1,1,3878330,1
it,my,1,1,1,3863483,1
as,co,1,1,1,3847484,1
or,my,1,1,1,3842092,1
sea,to,1,1,1,3816453,1
go,the,1,1,1,3809086,1
the,is,1,1,1,3765906,1
us,so,1,1,1,3726100,1
at,by,1,1,1,3709088,1
be,he,1,1,1,3554888,1
the,go,1,1,1,3529345,1
sea,the,1,1,1,3496173,1
us,up,1,1,1,3491152,1
us,go,1,1,1,3468989,1
us,it,1,1,1,3462299,1
do,at,1,1,1,3459384,1
so,my,1,1,1,3444378,1
me,no,1,1,1,3419335,1
he,no,1,1,1,3414903,1
go,as,1,1,1,3409990,1
up,he,1,1,1,3341026,1
us,if,1,1,1,3333283,1
no,we,1,1,1,3324836,1
the,it,1,1,1,3323901,1
or,co,1,1,1,3282459,1
of,he,1,1,1,3228411,1
as,king,1,1,1,3221506,1
or,thing,1,1,1,3219444,1
king,is,1,1,1,3201749,1
on,sea,1,1,1,3176919,1
on,is,1,1,1,3174995,1
on,he,1,1,1,3153003,1
ear,to,1,1,1,3058813,1
us,or,1,1,1,3053500,1
sea,is,1,1,1,3000962,1
at,is,1,1,1,3000545,1
up,it,1,1,1,2974085,1
in,sea,1,1,1,2964114,1
do,me,1,1,1,2960859,1
by,king,1,1,1,2945164,1
co,is,1,1,1,2928061,1
be,is,1,1,1,2910056,1
go,so,1,1,1,2893195,1
we,at,1,1,1,2871846,1
king,the,1,1,1,2852242,1
go,at,1,1,1,2815174,1
do,by,1,1,1,2795284,1
me,do,1,1,1,2790353,1
do,on,1,1,1,2756206,1
by,on,1,1,1,2647906,1
he,as,1,1,1,2646030,1
co,to,1,1,1,2628811,1
thing,it,1,1,1,2595457,1
at,so,1,1,1,2552403,1
sea,or,1,1,1,2547635,1
by,co,1,1,1,2545091,1
the,or,1,1,1,2530696,1
thing,or,1,1,1,2520838,1
to,ring,1,1,1,2507058,1
am,an,1,1,1,2506759,1
is,co,1,1,1,2496484,1
at,as,1,1,1,2486907,1
to,of,1,1,1,2451104,1
an,ear,1,1,1,2446476,1
we,of,1,1,1,2435630,1
us,he,1,1,1,2379965,1
us,be,1,1,1,2374906,1
on,we,1,1,1,2366178,1
us,do,1,1,1,2353788,1
in,king,1,1,1,2352495,1
in,we,1,1,1,2350052,1
the,he,1,1,1,2330503,1
the,us,1,1,1,2327077,1
sing,the,1,1,1,2326566,1
do,an,1,1,1,2292917,1
we,eat,1,1,1,2286380,1
am,at,1,1,1,2284961,1
no,to,1,1,1,2270940,1
in,if,1,1,1,2270902,1
he,of,1,1,1,2262037,1
an,the,1,1,1,2260118,1
of,am,1,1,1,2220620,1
king,or,1,1,1,2220081,1
on,up,1,1,1,2189430,1
ear,of,1,1,1,2174754,1
co,at,1,1,1,2164275,1
the,an,1,1,1,2159727,1
on,on,1,1,1,2139603,1
me,be,1,1,1,2135643,1
am,no,1,1,1,2127899,1
as,or,1,1,1,2120915,1
the,id,1,1,1,2098928,1
no,in,1,1,1,2096570,1
or,sea,1,1,1,2075297,1
ring,is,1,1,1,2072381,1
ring,the,1,1,1,2066256,1
the,be,1,1,1,2064654,1
us,no,1,1,1,2006099,1
by,thy,1,1,1,1994760,1
if,of,1,1,1,1985794,1
ring,in,1,1,1,1985400,1
the,do,1,1,1,1957272,1
to,if,1,1,1,1924771,1
or,me,1,1,1,1900680,1
is,thy,1,1,1,1897348,1
so,so,1,1,1,1876714,1
we,no,1,1,1,1875499,1
no,my,1,1,1,1872487,1
the,am,1,1,1,1868517,1
so,or,1,1,1,1830851,1
thing,on,1,1,1,1826948,1
thing,at,1,1,1,1803571,1
on,thy,1,1,1,1797492,1
up,if,1,1,1,1791144,1
king,as,1,1,1,1780159,1
be,co,1,1,1,1743410,1
on,co,1,1,1,1728770,1
the,me,1,1,1,1715910,1
is,me,1,1,1,1695502,1
so,an,1,1,1,1692830,1
of,wing,1,1,1,1685055,1
sea,as,1,1,1,1668222,1
of,if,1,1,1,1663498,1
me,we,1,1,1,1660717,1
id,at,1,1,1,1637614,1
in,up,1,1,1,1621669,1
or,up,1,1,1,1619075,1
he,go,1,1,1,1617470,1
the,if,1,1,1,1593825,1
he,he,1,1,1,1589837,1
up,we,1,1,1,1586989,1
via,an,1,1,1,1535326,1
go,no,1,1,1,1534402,1
to,tea,1,1,1,1526147,1
king,at,1,1,1,1525166,1
the,via,1,1,1,1522981,1
am,as,1,1,1,1507816,1
as,me,1,1,1,1489220,1
of,be,1,1,1,1486889,1
ring,to,1,1,1,1484470,1
am,on,1,1,1,1475797,1
as,as,1,1,1,1471349,1
sea,by,1,1,1,1452737,1
sea,on,1,1,1,1448212,1
or,or,1,1,1,1436900,1
he,by,1,1,1,1427539,1
an,as,1,1,1,1424963,1
we,so,1,1,1,1416452,1
of,do,1,1,1,1394111,1
the,pi,1,1,1,1385585,1
by,by,1,1,1,1376311,1
ring,on,1,1,1,1375485,1
tea,in,1,1,1,1361926,1
he,on,1,1,1,1357751,1
eat,in,1,1,1,1333537,1
sea,at,1,1,1,1333505,1
no,do,1,1,1,1332286,1
be,king,1,1,1,1329246,1
be,we,1,1,1,1329177,1
we,on,1,1,1,1325768,1
at,thy,1,1,1,1316788,1
or,via,1,1,1,1302940,1
of,we,1,1,1,1299655,1
my,king,1,1,1,1294513,1
at,king,1,1,1,1281164,1
to,ear,1,1,1,1279472,1
thing,if,1,1,1,1277119,1
king,by,1,1,1,1274984,1
be,thy,1,1,1,1273379,1
do,he,1,1,1,1269335,1
no,or,1,1,1,1265295,1
of,pi,1,1,1,1261826,1
an,at,1,1,1,1261464,1
by,up,1,1,1,1258361,1
by,is,1,1,1,1257593,1
be,me,1,1,1,1257577,1
co,on,1,1,1,1254487,1
king,on,1,1,1,1237038,1
at,to,1,1,1,1225662,1
on,if,1,1,1,1210538,1
sing,in,1,1,1,1206804,1
go,go,1,1,1,1197816,1
the,ct,1,1,1,1197011,1
he,it,1,1,1,1186521,1
do,of,1,1,1,1176639,1
do,us,1,1,1,1173825,1
eat,or,1,1,1,1166884,1
it,me,1,1,1,1161996,1
co,no,1,1,1,1159777,1
of,ring,1,1,1,1157239,1
tea,or,1,1,1,1149157,1
the,we,1,1,1,1143029,1
at,at,1,1,1,1137700,1
to,up,1,1,1,1126745,1
thing,by,1,1,1,1121479,1
to,we,1,1,1,1118982,1
by,he,1,1,1,1116796,1
go,it,1,1,1,1115993,1
by,of,1,1,1,1111901,1
as,be,1,1,1,1111221,1
sing,to,1,1,1,1104047,1
co,as,1,1,1,1093400,1
is,king,1,1,1,1090692,1
sing,sing,1,1,1,1085856,1
is,do,1,1,1,1082949,1
of,ear,1,1,1,1069899,1
no,if,1,1,1,1061218,1
in,am,1,1,1,1053271,1
ear,is,1,1,1,1042353,1
if,is,1,1,1,1038886,1
no,go,1,1,1,1034893,1
no,is,1,1,1,1033991,1
up,up,1,1,1,1027610,1
king,he,1,1,1,1021959,1
or,king,1,1,1,1015354,1
eat,at,1,1,1,1013850,1
do,go,1,1,1,1009816,1
go,or,1,1,1,996835,1
up,no,1,1,1,983418,1
so,am,1,1,1,974977,1
eat,of,1,1,1,974608,1
thing,so,1,1,1,967923,1
at,on,1,1,1,967075,1
ring,or,1,1,1,943614,1
of,ct,1,1,1,935798,1
an,of,1,1,1,929152,1
in,be,1,1,1,906436,1
no,on,1,1,1,905903,1
is,be,1,1,1,902793,1
sing,it,1,1,1,898724,1
wing,is,1,1,1,895087,1
tea,is,1,1,1,884354,1
an,an,1,1,1,874431,1
or,am,1,1,1,874381,1
my,co,1,1,1,866109,1
an,it,1,1,1,864939,1
go,if,1,1,1,857900,1
ear,the,1,1,1,848327,1
we,is,1,1,1,847337,1
an,is,1,1,1,843744,1
or,tea,1,1,1,812188,1
eat,up,1,1,1,811898,1
be,be,1,1,1,796017,1
no,king,1,1,1,788872,1
of,id,1,1,1,760481,1
am,he,1,1,1,750514,1
ring,at,1,1,1,750031,1
co,by,1,1,1,743057,1
wing,to,1,1,1,742574,1
co,or,1,1,1,741802,1
of,go,1,1,1,737234,1
wing,in,1,1,1,730493,1
in,do,1,1,1,720258,1
sing,of,1,1,1,716380,1
no,by,1,1,1,713435,1
at,of,1,1,1,712729,1
by,we,1,1,1,711511,1
an,or,1,1,1,711062,1
tea,at,1,1,1,703955,1
ear,as,1,1,1,703162,1
we,sing,1,1,1,702023,1
my,my,1,1,1,699459,1
so,go,1,1,1,694064,1
in,tea,1,1,1,686284,1
by,ear,1,1,1,685233,1
me,me,1,1,1,684258,1
as,thy,1,1,1,684080,1
or,ring,1,1,1,681232,1
on,tea,1,1,1,671442,1
me,thy,1,1,1,666873,1
an,to,1,1,1,665933,1
ear,in,1,1,1,657434,1
is,via,1,1,1,653392,1
he,co,1,1,1,644336,1
wing,the,1,1,1,641712,1
he,an,1,1,1,639908,1
an,if,1,1,1,629468,1
as,up,1,1,1,629207,1
in,pi,1,1,1,625859,1
am,by,1,1,1,614836,1
if,thy,1,1,1,608679,1
id,the,1,1,1,606753,1
the,my,1,1,1,603619,1
or,eat,1,1,1,602171,1
sea,it,1,1,1,592317,1
in,id,1,1,1,590262,1
no,as,1,1,1,587312,1
tea,to,1,1,1,586383,1
at,tea,1,1,1,582931,1
we,by,1,1,1,581119,1
co,it,1,1,1,578313,1
no,co,1,1,1,577367,1
by,if,1,1,1,573973,1
ear,or,1,1,1,572403,1
if,if,1,1,1,570633,1
do,be,1,1,1,570487,1
go,he,1,1,1,564621,1
on,king,1,1,1,562558,1
at,he,1,1,1,560749,1
go,my,1,1,1,558555,1
at,up,1,1,1,555540,1
tea,co,1,1,1,547867,1
we,we,1,1,1,540623,1
go,is,1,1,1,534340,1
co,co,1,1,1,532427,1
ct,of,1,1,1,530721,1
thing,be,1,1,1,529491,1
am,my,1,1,1,524867,1
ring,as,1,1,1,518230,1
as,sea,1,1,1,515018,1
as,am,1,1,1,512601,1
we,or,1,1,1,512277,1
thing,up,1,1,1,512254,1
on,be,1,1,1,503181,1
am,is,1,1,1,500869,1
on,ct,1,1,1,497186,1
co,he,1,1,1,491271,1
it,co,1,1,1,489355,1
eat,as,1,1,1,488992,1
go,we,1,1,1,481193,1
sea,he,1,1,1,474589,1
at,if,1,1,1,473725,1
on,do,1,1,1,467192,1
my,in,1,1,1,465947,1
an,id,1,1,1,464507,1
up,thy,1,1,1,463364,1
no,so,1,1,1,462648,1
or,sing,1,1,1,460860,1
or,us,1,1,1,460514,1
no,at,1,1,1,459112,1
eat,my,1,1,1,451959,1
id,of,1,1,1,436426,1
no,thing,1,1,1,435465,1
id,is,1,1,1,432484,1
my,tea,1,1,1,427249,1
ct,is,1,1,1,425913,1
in,ring,1,1,1,424832,1
pi,is,1,1,1,417903,1
or,ear,1,1,1,408862,1
co,ct,1,1,1,408175,1
co,do,1,1,1,405351,1
as,us,1,1,1,397245,1
as,tea,1,1,1,395913,1
wing,or,1,1,1,394562,1
is,us,1,1,1,393568,1
to,am,1,1,1,392420,1
king,my,1,1,1,391688,1
sing,at,1,1,1,390264,1
sea,so,1,1,1,390138,1
eat,me,1,1,1,389295,1
if,or,1,1,1,389215,1
wing,at,1,1,1,389077,1
to,wing,1,1,1,388932,1
am,or,1,1,1,387637,1
id,no,1,1,1,386090,1
go,do,1,1,1,382620,1
at,co,1,1,1,380754,1
eat,to,1,1,1,373030,1
an,he,1,1,1,372846,1
in,ct,1,1,1,369614,1
tea,the,1,1,1,362751,1
sing,or,1,1,1,362071,1
so,up,1,1,1,361644,1
an,am,1,1,1,355692,1
king,it,1,1,1,350968,1
tea,on,1,1,1,349323,1
in,ear,1,1,1,348456,1
as,go,1,1,1,347934,1
is,go,1,1,1,346419,1
the,sing,1,1,1,344897,1
if,be,1,1,1,344351,1
id,in,1,1,1,339924,1
id,to,1,1,1,337982,1
wing,on,1,1,1,335403,1
an,be,1,1,1,330245,1
to,pi,1,1,1,329558,1
at,we,1,1,1,324530,1
ring,up,1,1,1,324110,1
sing,as,1,1,1,323968,1
us,my,1,1,1,322983,1
sea,we,1,1,1,321060,1
do,thy,1,1,1,319895,1
my,the,1,1,1,319529,1
my,thing,1,1,1,316949,1
my,ring,1,1,1,314201,1
eat,on,1,1,1,313722,1
in,go,1,1,1,313459,1
no,me,1,1,1,312553,1
he,eat,1,1,1,304988,1
king,so,1,1,1,304468,1
tea,as,1,1,1,303293,1
co,an,1,1,1,302095,1
be,do,1,1,1,300071,1
ct,or,1,1,1,298835,1
ring,by,1,1,1,297660,1
up,do,1,1,1,296819,1
sing,on,1,1,1,296103,1
in,via,1,1,1,295948,1
to,id,1,1,1,295552,1
my,so,1,1,1,291926,1
on,wing,1,1,1,291059,1
ct,in,1,1,1,290955,1
by,ct,1,1,1,286898,1
the,eat,1,1,1,285851,1
co,we,1,1,1,283574,1
thing,my,1,1,1,283170,1
in,wing,1,1,1,278209,1
am,thy,1,1,1,275405,1
go,thy,1,1,1,272972,1
he,if,1,1,1,271748,1
sea,king,1,1,1,270502,1
eat,no,1,1,1,268392,1
my,no,1,1,1,267548,1
thing,an,1,1,1,266360,1
wing,as,1,1,1,262427,1
or,ct,1,1,1,258362,1
thing,no,1,1,1,256076,1
no,sea,1,1,1,255530,1
on,pi,1,1,1,254320,1
by,am,1,1,1,253649,1
no,ear,1,1,1,247140,1
no,an,1,1,1,246135,1
by,do,1,1,1,243504,1
eat,so,1,1,1,243429,1
or,thy,1,1,1,243348,1
if,co,1,1,1,240090,1
king,if,1,1,1,239083,1
by,be,1,1,1,238151,1
he,my,1,1,1,236926,1
ring,he,1,1,1,235574,1
ring,it,1,1,1,234958,1
ct,the,1,1,1,233754,1
on,go,1,1,1,233288,1
or,wing,1,1,1,227919,1
ear,by,1,1,1,225397,1
do,up,1,1,1,224786,1
no,up,1,1,1,223672,1
eat,is,1,1,1,222473,1
us,thy,1,1,1,219938,1
no,be,1,1,1,219830,1
to,ct,1,1,1,216992,1
us,eat,1,1,1,215489,1
by,ring,1,1,1,215064,1
be,us,1,1,1,214966,1
ear,at,1,1,1,214037,1
it,via,1,1,1,212864,1
go,an,1,1,1,207580,1
king,an,1,1,1,206818,1
ear,he,1,1,1,206799,1
eat,an,1,1,1,206006,1
co,id,1,1,1,204700,1
tea,of,1,1,1,204382,1
ear,on,1,1,1,203650,1
us,sing,1,1,1,200118,1
up,be,1,1,1,198271,1
ct,to,1,1,1,197577,1
thy,king,1,1,1,195092,1
he,up,1,1,1,194501,1
of,sing,1,1,1,192825,1
on,am,1,1,1,192167,1
of,via,1,1,1,191512,1
no,am,1,1,1,191273,1
at,be,1,1,1,188827,1
it,ring,1,1,1,188720,1
we,co,1,1,1,188182,1
king,we,1,1,1,187811,1
me,sing,1,1,1,185289,1
an,we,1,1,1,184891,1
id,or,1,1,1,184777,1
so,me,1,1,1,184730,1
my,to,1,1,1,184688,1
wing,it,1,1,1,183532,1
an,by,1,1,1,183334,1
it,us,1,1,1,183329,1
thing,do,1,1,1,180887,1
in,sing,1,1,1,179362,1
king,no,1,1,1,179262,1
king,be,1,1,1,177756,1
pi,of,1,1,1,176397,1
co,so,1,1,1,173698,1
at,id,1,1,1,173404,1
no,tea,1,1,1,172698,1
my,be,1,1,1,172259,1
he,we,1,1,1,171961,1
am,it,1,1,1,171015,1
on,ring,1,1,1,169360,1
pi,in,1,1,1,168351,1
sea,an,1,1,1,166154,1
me,eat,1,1,1,166027,1
go,eat,1,1,1,164762,1
is,id,1,1,1,164112,1
an,so,1,1,1,163787,1
an,no,1,1,1,163517,1
my,of,1,1,1,163143,1
pi,the,1,1,1,162697,1
or,id,1,1,1,162232,1
king,co,1,1,1,161405,1
no,ring,1,1,1,161124,1
on,via,1,1,1,160359,1
ring,so,1,1,1,160121,1
tea,he,1,1,1,158075,1
do,eat,1,1,1,156872,1
by,pi,1,1,1,155977,1
ear,it,1,1,1,155317,1
am,up,1,1,1,155222,1
tea,by,1,1,1,154868,1
we,it,1,1,1,153810,1
by,tea,1,1,1,153774,1
sea,if,1,1,1,153032,1
ring,ring,1,1,1,149089,1
co,be,1,1,1,147878,1
ear,so,1,1,1,147384,1
ring,me,1,1,1,146945,1
sing,my,1,1,1,145764,1
sing,me,1,1,1,145593,1
be,via,1,1,1,143888,1
we,if,1,1,1,142276,1
my,sea,1,1,1,140932,1
up,go,1,1,1,140878,1
go,be,1,1,1,140525,1
if,king,1,1,1,140059,1
we,an,1,1,1,139252,1
by,wing,1,1,1,138508,1
pi,to,1,1,1,138198,1
at,do,1,1,1,136942,1
at,sing,1,1,1,136573,1
eat,us,1,1,1,136257,1
eat,he,1,1,1,135204,1
is,sea,1,1,1,134946,1
so,co,1,1,1,134612,1
king,king,1,1,1,133851,1
is,am,1,1,1,128210,1
up,co,1,1,1,127932,1
by,id,1,1,1,127667,1
he,me,1,1,1,126629,1
id,as,1,1,1,125405,1
am,king,1,1,1,125397,1
wing,by,1,1,1,124545,1
id,on,1,1,1,124236,1
or,pi,1,1,1,123292,1
at,pi,1,1,1,123142,1
thing,go,1,1,1,121996,1
my,wing,1,1,1,121968,1
as,pi,1,1,1,121775,1
no,id,1,1,1,121678,1
sea,no,1,1,1,120840,1
as,wing,1,1,1,120140,1
eat,if,1,1,1,118753,1
pi,pi,1,1,1,117535,1
co,if,1,1,1,117229,1
sing,so,1,1,1,116635,1
eat,by,1,1,1,115986,1
am,if,1,1,1,114610,1
my,is,1,1,1,114527,1
ear,ring,1,1,1,111943,1
king,do,1,1,1,111274,1
ring,co,1,1,1,110852,1
ring,if,1,1,1,110384,1
up,me,1,1,1,109038,1
at,am,1,1,1,107486,1
me,king,1,1,1,106858,1
we,my,1,1,1,105023,1
up,thing,1,1,1,103640,1
tea,we,1,1,1,101462,1
do,sing,1,1,1,101456,1
sing,an,1,1,1,101308,1
to,via,1,1,1,100839,1
ct,at,1,1,1,98369,1
eat,eat,1,1,1,98274,1
co,me,1,1,1,96995,1
by,go,1,1,1,96142,1
at,via,1,1,1,95598,1
via,in,1,1,1,95504,1
my,on,1,1,1,95497,1
we,he,1,1,1,95400,1
as,ring,1,1,1,95353,1
us,us,1,1,1,94361,1
an,me,1,1,1,94176,1
my,or,1,1,1,93953,1
it,am,1,1,1,93820,1
my,go,1,1,1,92646,1
we,thy,1,1,1,91846,1
ring,an,1,1,1,91458,1
an,us,1,1,1,90438,1
go,via,1,1,1,90367,1
we,us,1,1,1,90262,1
eat,we,1,1,1,90066,1
he,king,1,1,1,89706,1
so,king,1,1,1,89638,1
my,it,1,1,1,89553,1
my,id,1,1,1,89192,1
as,ct,1,1,1,88762,1
am,am,1,1,1,88692,1
if,up,1,1,1,88604,1
sing,by,1,1,1,88240,1
as,id,1,1,1,87381,1
sea,sea,1,1,1,87136,1
so,thy,1,1,1,86676,1
it,thy,1,1,1,86546,1
sing,is,1,1,1,85797,1
sing,us,1,1,1,85374,1
the,thy,1,1,1,85086,1
sing,thy,1,1,1,85044,1
of,eat,1,1,1,84833,1
on,ear,1,1,1,84499,1
if,me,1,1,1,84092,1
is,pi,1,1,1,83955,1
as,ear,1,1,1,83946,1
id,by,1,1,1,83799,1
be,sea,1,1,1,83047,1
to,thing,1,1,1,82738,1
sea,be,1,1,1,81753,1
it,eat,1,1,1,80261,1
me,us,1,1,1,80070,1
sing,we,1,1,1,80011,1
is,tea,1,1,1,79504,1
it,sing,1,1,1,78885,1
in,thing,1,1,1,78709,1
tea,it,1,1,1,77911,1
my,he,1,1,1,77487,1
as,thing,1,1,1,76428,1
up,via,1,1,1,74603,1
pi,or,1,1,1,73904,1
am,we,1,1,1,73251,1
as,via,1,1,1,73156,1
do,co,1,1,1,72519,1
id,be,1,1,1,72360,1
the,eon,1,1,1,71554,1
me,am,1,1,1,71551,1
wing,he,1,1,1,71454,1
ct,as,1,1,1,71212,1
an,sea,1,1,1,70551,1
am,me,1,1,1,70522,1
we,up,1,1,1,70206,1
ring,we,1,1,1,70153,1
ct,on,1,1,1,69986,1
if,do,1,1,1,69759,1
me,tea,1,1,1,69662,1
be,am,1,1,1,69600,1
us,me,1,1,1,68780,1
id,it,1,1,1,68356,1
pi,on,1,1,1,67908,1
sing,no,1,1,1,67886,1
sea,up,1,1,1,67832,1
tea,if,1,1,1,67194,1
he,sing,1,1,1,67086,1
be,go,1,1,1,66911,1
it,id,1,1,1,66483,1
us,via,1,1,1,66111,1
us,tea,1,1,1,65569,1
an,do,1,1,1,65263,1
on,id,1,1,1,64896,1
ring,my,1,1,1,64848,1
tea,so,1,1,1,64646,1
wing,so,1,1,1,63657,1
ring,no,1,1,1,63343,1
pi,as,1,1,1,63265,1
if,sea,1,1,1,63178,1
so,eat,1,1,1,63082,1
as,sing,1,1,1,62840,1
my,as,1,1,1,62686,1
sea,my,1,1,1,62248,1
ear,if,1,1,1,61696,1
am,be,1,1,1,60237,1
he,id,1,1,1,59721,1
at,go,1,1,1,59105,1
at,wing,1,1,1,59093,1
id,id,1,1,1,58773,1
co,king,1,1,1,58125,1
sing,he,1,1,1,58122,1
via,on,1,1,1,57054,1
my,at,1,1,1,56779,1
tea,tea,1,1,1,56500,1
an,co,1,1,1,56496,1
if,pi,1,1,1,56351,1
at,ct,1,1,1,56279,1
ear,no,1,1,1,56110,1
no,us,1,1,1,56018,1
an,thing,1,1,1,55704,1
thy,wing,1,1,1,55163,1
thy,ear,1,1,1,54717,1
sea,do,1,1,1,52899,1
is,eat,1,1,1,51961,1
ear,an,1,1,1,51554,1
eon,of,1,1,1,51379,1
me,via,1,1,1,51354,1
sea,via,1,1,1,51033,1
my,me,1,1,1,50216,1
my,by,1,1,1,49715,1
ear,be,1,1,1,49501,1
be,id,1,1,1,49279,1
so,via,1,1,1,49262,1
an,my,1,1,1,49140,1
eat,thy,1,1,1,49134,1
is,ring,1,1,1,48353,1
no,wing,1,1,1,48008,1
up,sea,1,1,1,47989,1
he,us,1,1,1,47894,1
ear,we,1,1,1,47265,1
pi,at,1,1,1,46906,1
king,thy,1,1,1,46725,1
so,us,1,1,1,46226,1
be,ear,1,1,1,44985,1
us,co,1,1,1,44790,1
my,do,1,1,1,44494,1
up,king,1,1,1,44485,1
in,eat,1,1,1,44458,1
sing,if,1,1,1,44002,1
it,king,1,1,1,43743,1
my,we,1,1,1,43569,1
as,eat,1,1,1,43180,1
id,he,1,1,1,42870,1
co,am,1,1,1,42628,1
am,do,1,1,1,42244,1
is,ear,1,1,1,42211,1
up,ring,1,1,1,41375,1
if,am,1,1,1,41157,1
via,my,1,1,1,40978,1
at,ear,1,1,1,40152,1
up,ct,1,1,1,39347,1
he,thy,1,1,1,38925,1
id,an,1,1,1,38528,1
an,eat,1,1,1,38322,1
ring,be,1,1,1,37622,1
wing,an,1,1,1,37092,1
is,ct,1,1,1,36901,1
at,ring,1,1,1,36719,1
pi,by,1,1,1,36541,1
go,me,1,1,1,36128,1
via,is,1,1,1,35966,1
up,us,1,1,1,35613,1
if,go,1,1,1,35358,1
am,co,1,1,1,35161,1
tea,an,1,1,1,35023,1
if,us,1,1,1,34924,1
wing,no,1,1,1,34851,1
an,eon,1,1,1,34833,1
ear,my,1,1,1,34816,1
me,ct,1,1,1,34734,1
thy,sea,1,1,1,34315,1
me,co,1,1,1,34175,1
pi,an,1,1,1,33964,1
be,ring,1,1,1,33869,1
ring,us,1,1,1,33620,1
co,my,1,1,1,33468,1
he,sea,1,1,1,33414,1
we,me,1,1,1,33404,1
id,if,1,1,1,33375,1
be,pi,1,1,1,33078,1
he,am,1,1,1,32807,1
thy,of,1,1,1,32781,1
up,tea,1,1,1,32606,1
we,ring,1,1,1,32204,1
is,sing,1,1,1,32079,1
wing,we,1,1,1,31930,1
be,tea,1,1,1,31737,1
ct,me,1,1,1,31514,1
id,so,1,1,1,31316,1
co,up,1,1,1,31240,1
eat,do,1,1,1,31224,1
no,eat,1,1,1,31048,1
so,sing,1,1,1,31016,1
via,to,1,1,1,30938,1
sea,co,1,1,1,30860,1
my,up,1,1,1,30758,1
wing,up,1,1,1,30727,1
on,thing,1,1,1,30662,1
my,an,1,1,1,30268,1
king,go,1,1,1,30208,1
is,thing,1,1,1,29402,1
via,of,1,1,1,29191,1
ct,by,1,1,1,29071,1
id,we,1,1,1,28822,1
king,up,1,1,1,28786,1
tea,no,1,1,1,28218,1
wing,my,1,1,1,27862,1
ear,ear,1,1,1,27296,1
ear,up,1,1,1,27292,1
no,pi,1,1,1,26525,1
via,co,1,1,1,26511,1
if,ct,1,1,1,25941,1
pi,no,1,1,1,25865,1
tea,my,1,1,1,25795,1
so,id,1,1,1,25698,1
sing,up,1,1,1,25459,1
by,via,1,1,1,25445,1
wing,co,1,1,1,25340,1
thy,the,1,1,1,25333,1
ct,no,1,1,1,25047,1
via,or,1,1,1,24260,1
up,eat,1,1,1,24066,1
via,at,1,1,1,23964,1
he,ring,1,1,1,23941,1
pi,be,1,1,1,23356,1
if,id,1,1,1,23225,1
ct,ct,1,1,1,23120,1
wing,if,1,1,1,22839,1
ct,it,1,1,1,22110,1
do,ring,1,1,1,21983,1
an,go,1,1,1,21764,1
if,tea,1,1,1,21278,1
my,thy,1,1,1,21234,1
via,so,1,1,1,21095,1
me,ring,1,1,1,21021,1
my,if,1,1,1,20924,1
thing,thing,1,1,1,20907,1
be,eat,1,1,1,20859,1
pi,it,1,1,1,20535,1
it,sea,1,1,1,20187,1
me,thing,1,1,1,20118,1
of,eon,1,1,1,19963,1
no,ct,1,1,1,19892,1
co,pi,1,1,1,19839,1
tea,do,1,1,1,19721,1
by,sing,1,1,1,19566,1
we,am,1,1,1,19487,1
tea,up,1,1,1,18959,1
eon,the,1,1,1,18951,1
on,eat,1,1,1,18876,1
he,thing,1,1,1,18604,1
via,sea,1,1,1,18408,1
pi,we,1,1,1,18321,1
wing,wing,1,1,1,18276,1
up,am,1,1,1,18048,1
on,sing,1,1,1,18040,1
ring,do,1,1,1,18036,1
tea,be,1,1,1,18012,1
co,go,1,1,1,17836,1
sing,do,1,1,1,17783,1
do,thing,1,1,1,17725,1
so,sea,1,1,1,17448,1
us,king,1,1,1,17383,1
is,wing,1,1,1,17241,1
thy,to,1,1,1,16735,1
am,go,1,1,1,16645,1
ct,co,1,1,1,16572,1
it,tea,1,1,1,16554,1
king,am,1,1,1,16518,1
thy,so,1,1,1,16401,1
it,thing,1,1,1,15925,1
no,thy,1,1,1,15804,1
co,via,1,1,1,15757,1
do,am,1,1,1,15564,1
so,ear,1,1,1,15391,1
king,sing,1,1,1,15215,1
to,eon,1,1,1,15166,1
up,ear,1,1,1,15139,1
ear,do,1,1,1,15119,1
via,no,1,1,1,14962,1
my,am,1,1,1,14908,1
king,me,1,1,1,14629,1
we,thing,1,1,1,14616,1
co,sea,1,1,1,14553,1
via,it,1,1,1,14512,1
sea,thy,1,1,1,14420,1
wing,be,1,1,1,14383,1
thy,in,1,1,1,14368,1
eon,to,1,1,1,14077,1
sea,me,1,1,1,13970,1
pi,us,1,1,1,13907,1
an,ct,1,1,1,13863,1
via,via,1,1,1,13673,1
no,via,1,1,1,13296,1
via,ring,1,1,1,13131,1
via,as,1,1,1,13129,1
eat,go,1,1,1,13090,1
no,sing,1,1,1,13069,1
we,id,1,1,1,12970,1
be,thing,1,1,1,12968,1
co,us,1,1,1,12965,1
pi,so,1,1,1,12867,1
go,ring,1,1,1,12795,1
it,pi,1,1,1,12723,1
eon,on,1,1,1,12702,1
king,ring,1,1,1,12696,1
so,ring,1,1,1,12511,1
go,co,1,1,1,12465,1
ct,an,1,1,1,12385,1
eon,in,1,1,1,12374,1
do,king,1,1,1,12220,1
by,thing,1,1,1,12190,1
sea,go,1,1,1,12117,1
id,do,1,1,1,12110,1
if,ring,1,1,1,11876,1
ct,if,1,1,1,11832,1
eat,be,1,1,1,11829,1
thing,me,1,1,1,11710,1
ear,me,1,1,1,11630,1
id,up,1,1,1,11491,1
do,sea,1,1,1,11443,1
ct,we,1,1,1,11414,1
go,sing,1,1,1,11263,1
by,eat,1,1,1,11143,1
in,eon,1,1,1,11066,1
eon,is,1,1,1,11043,1
up,wing,1,1,1,10985,1
id,me,1,1,1,10963,1
go,id,1,1,1,10958,1
pi,if,1,1,1,10933,1
via,by,1,1,1,10874,1
wing,thy,1,1,1,10781,1
my,pi,1,1,1,10664,1
an,king,1,1,1,10662,1
thy,is,1,1,1,10651,1
do,tea,1,1,1,10475,1
if,ear,1,1,1,10347,1
ct,be,1,1,1,10318,1
thy,thy,1,1,1,10262,1
co,tea,1,1,1,10225,1
me,sea,1,1,1,10071,1
do,via,1,1,1,10020,1
thing,am,1,1,1,10001,1
thing,co,1,1,1,9874,1
at,thing,1,1,1,9743,1
me,ear,1,1,1,9683,1
up,id,1,1,1,9341,1
ear,via,1,1,1,9290,1
ring,king,1,1,1,9186,1
we,sea,1,1,1,9039,1
via,up,1,1,1,8752,1
ring,wing,1,1,1,8517,1
if,thing,1,1,1,8446,1
id,my,1,1,1,8376,1
ring,via,1,1,1,8302,1
eat,sea,1,1,1,8276,1
if,via,1,1,1,8212,1
be,ct,1,1,1,8168,1
thy,ring,1,1,1,8072,1
thy,or,1,1,1,8046,1
we,king,1,1,1,8046,1
wing,do,1,1,1,7934,1
so,wing,1,1,1,7808,1
or,eon,1,1,1,7784,1
at,eat,1,1,1,7662,1
so,pi,1,1,1,7611,1
id,us,1,1,1,7552,1
sing,be,1,1,1,7517,1
us,am,1,1,1,7512,1
eon,or,1,1,1,7511,1
he,ear,1,1,1,7504,1
he,pi,1,1,1,7503,1
pi,co,1,1,1,7481,1
via,king,1,1,1,7213,1
sea,ear,1,1,1,7155,1
be,sing,1,1,1,7151,1
ear,thy,1,1,1,7020,1
via,me,1,1,1,7008,1
ring,thing,1,1,1,6992,1
co,wing,1,1,1,6946,1
go,am,1,1,1,6921,1
ring,sing,1,1,1,6912,1
it,ear,1,1,1,6853,1
us,sea,1,1,1,6766,1
id,co,1,1,1,6758,1
it,wing,1,1,1,6742,1
sea,wing,1,1,1,6732,1
do,id,1,1,1,6710,1
ct,he,1,1,1,6707,1
pi,he,1,1,1,6699,1
me,id,1,1,1,6662,1
so,tea,1,1,1,6499,1
wing,sing,1,1,1,6490,1
ct,so,1,1,1,6451,1
an,tea,1,1,1,6446,1
ring,go,1,1,1,6194,1
we,ear,1,1,1,6155,1
be,wing,1,1,1,6127,1
so,thing,1,1,1,6118,1
if,wing,1,1,1,5912,1
an,thy,1,1,1,5842,1
wing,me,1,1,1,5825,1
by,eon,1,1,1,5812,1
go,us,1,1,1,5771,1
sea,am,1,1,1,5728,1
us,ring,1,1,1,5635,1
am,id,1,1,1,5607,1
thy,co,1,1,1,5605,1
tea,go,1,1,1,5540,1
via,us,1,1,1,5429,1
ct,us,1,1,1,5415,1
he,wing,1,1,1,5407,1
am,pi,1,1,1,5325,1
am,us,1,1,1,5305,1
pi,do,1,1,1,5301,1
be,eon,1,1,1,5245,1
ct,do,1,1,1,5223,1
am,ct,1,1,1,5156,1
thing,thy,1,1,1,5110,1
up,sing,1,1,1,5069,1
am,thing,1,1,1,5052,1
ring,thy,1,1,1,4964,1
thy,by,1,1,1,4945,1
eat,sing,1,1,1,4941,1
thy,no,1,1,1,4905,1
my,eon,1,1,1,4868,1
go,sea,1,1,1,4777,1
pi,id,1,1,1,4715,1
it,ct,1,1,1,4652,1
thy,do,1,1,1,4602,1
id,go,1,1,1,4526,1
wing,king,1,1,1,4502,1
my,us,1,1,1,4432,1
sea,thing,1,1,1,4409,1
tea,eat,1,1,1,4378,1
via,ct,1,1,1,4332,1
thy,he,1,1,1,4319,1
us,id,1,1,1,4298,1
king,id,1,1,1,4250,1
thing,king,1,1,1,4242,1
if,eat,1,1,1,4185,1
co,ring,1,1,1,4167,1
pi,ring,1,1,1,4138,1
an,ring,1,1,1,4100,1
thy,be,1,1,1,4093,1
thing,us,1,1,1,4086,1
thy,as,1,1,1,4069,1
is,eon,1,1,1,4058,1
an,pi,1,1,1,4045,1
tea,ring,1,1,1,4035,1
so,ct,1,1,1,4009,1
pi,me,1,1,1,3973,1
go,thing,1,1,1,3950,1
go,wing,1,1,1,3943,1
pi,am,1,1,1,3904,1
eon,as,1,1,1,3888,1
sing,eat,1,1,1,3875,1
thy,it,1,1,1,3866,1
via,we,1,1,1,3861,1
he,tea,1,1,1,3846,1
us,thing,1,1,1,3812,1
we,wing,1,1,1,3608,1
up,pi,1,1,1,3518,1
ring,ear,1,1,1,3455,1
ct,sea,1,1,1,3445,1
sing,ring,1,1,1,3382,1
ct,id,1,1,1,3335,1
ring,sea,1,1,1,3323,1
king,eat,1,1,1,3308,1
via,if,1,1,1,3296,1
my,eat,1,1,1,3273,1
ear,thing,1,1,1,3258,1
sea,ring,1,1,1,3246,1
ear,go,1,1,1,3237,1
thing,eat,1,1,1,3227,1
via,pi,1,1,1,3211,1
eon,be,1,1,1,3185,1
an,sing,1,1,1,3158,1
king,via,1,1,1,3156,1
thy,my,1,1,1,3088,1
me,wing,1,1,1,3069,1
go,king,1,1,1,3069,1
sing,king,1,1,1,3057,1
eon,at,1,1,1,3034,1
sea,tea,1,1,1,3024,1
via,he,1,1,1,3021,1
king,thing,1,1,1,2972,1
at,eon,1,1,1,2967,1
he,ct,1,1,1,2934,1
he,via,1,1,1,2903,1
sing,go,1,1,1,2824,1
we,pi,1,1,1,2789,1
sing,co,1,1,1,2772,1
id,eat,1,1,1,2759,1
king,ct,1,1,1,2753,1
pi,up,1,1,1,2745,1
my,ct,1,1,1,2699,1
eat,tea,1,1,1,2671,1
via,do,1,1,1,2634,1
us,ct,1,1,1,2621,1
as,eon,1,1,1,2615,1
my,sing,1,1,1,2547,1
ear,us,1,1,1,2540,1
eon,by,1,1,1,2528,1
thy,at,1,1,1,2492,1
am,sea,1,1,1,2482,1
wing,thing,1,1,1,2481,1
if,sing,1,1,1,2470,1
sea,sing,1,1,1,2425,1
do,pi,1,1,1,2371,1
thing,ring,1,1,1,2304,1
on,eon,1,1,1,2299,1
wing,us,1,1,1,2258,1
thy,on,1,1,1,2247,1
he,eon,1,1,1,2211,1
ct,up,1,1,1,2191,1
am,ring,1,1,1,2114,1
wing,via,1,1,1,2097,1
pi,eon,1,1,1,2085,1
via,am,1,1,1,2069,1
thing,via,1,1,1,2063,1
king,pi,1,1,1,2062,1
id,am,1,1,1,2059,1
do,ct,1,1,1,2052,1
thy,me,1,1,1,2047,1
me,pi,1,1,1,1995,1
thy,if,1,1,1,1988,1
an,via,1,1,1,1978,1
wing,am,1,1,1,1968,1
pi,via,1,1,1,1935,1
ct,king,1,1,1,1934,1
thy,go,1,1,1,1921,1
it,eon,1,1,1,1917,1
wing,go,1,1,1,1905,1
king,us,1,1,1,1894,1
sing,sea,1,1,1,1882,1
pi,my,1,1,1,1868,1
thy,we,1,1,1,1844,1
id,via,1,1,1,1833,1
sea,us,1,1,1,1809,1
am,via,1,1,1,1765,1
via,ear,1,1,1,1737,1
ear,co,1,1,1,1684,1
do,ear,1,1,1,1653,1
us,wing,1,1,1,1637,1
thing,sing,1,1,1,1634,1
ring,am,1,1,1,1607,1
thy,tea,1,1,1,1601,1
eat,thing,1,1,1,1599,1
via,be,1,1,1,1596,1
do,wing,1,1,1,1575,1
we,ct,1,1,1,1573,1
tea,sea,1,1,1,1569,1
tea,thing,1,1,1,1556,1
co,eat,1,1,1,1544,1
ct,my,1,1,1,1490,1
ct,am,1,1,1,1468,1
sea,id,1,1,1,1457,1
sing,wing,1,1,1,1444,1
via,go,1,1,1,1438,1
sing,pi,1,1,1,1436,1
thy,an,1,1,1,1433,1
tea,me,1,1,1,1413,1
us,ear,1,1,1,1411,1
sea,eat,1,1,1,1390,1
us,pi,1,1,1,1376,1
we,tea,1,1,1,1369,1
ring,id,1,1,1,1322,1
co,sing,1,1,1,1309,1
eon,he,1,1,1,1300,1
id,ring,1,1,1,1298,1
id,king,1,1,1,1296,1
thy,thing,1,1,1,1227,1
king,sea,1,1,1,1198,1
eat,king,1,1,1,1183,1
eon,id,1,1,1,1176,1
wing,sea,1,1,1,1167,1
pi,go,1,1,1,1157,1
eon,it,1,1,1,1143,1
an,wing,1,1,1,1140,1
we,eon,1,1,1,1123,1
via,id,1,1,1,1121,1
my,via,1,1,1,1104,1
thy,up,1,1,1,1074,1
co,ear,1,1,1,1073,1
tea,via,1,1,1,1056,1
sing,am,1,1,1,1017,1
sing,thing,1,1,1,1006,1
no,eon,1,1,1,1004,1
king,wing,1,1,1,1003,1
thing,id,1,1,1,1000,1
eon,an,1,1,1,985,1
ear,am,1,1,1,968,1
tea,king,1,1,1,915,1
go,tea,1,1,1,891,1
id,pi,1,1,1,888,1
thing,sea,1,1,1,879,1
wing,tea,1,1,1,864,1
id,thing,1,1,1,854,1
via,wing,1,1,1,843,1
am,eat,1,1,1,811,1
ear,wing,1,1,1,808,1
go,pi,1,1,1,806,1
ear,eat,1,1,1,786,1
am,sing,1,1,1,773,1
ct,via,1,1,1,770,1
wing,pi,1,1,1,738,1
so,eon,1,1,1,736,1
am,tea,1,1,1,733,1
we,via,1,1,1,712,1
co,thing,1,1,1,710,1
eat,am,1,1,1,695,1
pi,king,1,1,1,683,1
thing,tea,1,1,1,677,1
eat,ear,1,1,1,667,1
ear,king,1,1,1,661,1
ring,pi,1,1,1,653,1
pi,ct,1,1,1,638,1
wing,ring,1,1,1,619,1
eon,we,1,1,1,588,1
pi,eat,1,1,1,582,1
pi,thing,1,1,1,575,1
ct,go,1,1,1,566,1
id,sea,1,1,1,558,1
eat,co,1,1,1,552,1
eon,so,1,1,1,538,1
tea,us,1,1,1,522,1
am,wing,1,1,1,521,1
ear,sing,1,1,1,521,1
thing,wing,1,1,1,513,1
sea,pi,1,1,1,512,1
ring,ct,1,1,1,509,1
ring,tea,1,1,1,508,1
if,eon,1,1,1,488,1
thy,am,1,1,1,485,1
tea,sing,1,1,1,460,1
pi,sea,1,1,1,444,1
am,ear,1,1,1,442,1
eat,ring,1,1,1,429,1
go,ct,1,1,1,419,1
via,tea,1,1,1,412,1
eon,do,1,1,1,402,1
thy,us,1,1,1,395,1
eon,if,1,1,1,390,1
id,ct,1,1,1,383,1
king,tea,1,1,1,380,1
me,eon,1,1,1,379,1
pi,tea,1,1,1,377,1
tea,am,1,1,1,369,1
ct,ring,1,1,1,366,1
thy,sing,1,1,1,358,1
id,thy,1,1,1,338,1
eon,no,1,1,1,338,1
king,ear,1,1,1,329,1
sing,ear,1,1,1,327,1
tea,id,1,1,1,323,1
co,thy,1,1,1,309,1
am,eon,1,1,1,306,1
thy,eat,1,1,1,273,1
thy,eon,1,1,1,265,1
eat,via,1,1,1,253,1
eon,eon,1,1,1,248,1
eat,wing,1,1,1,231,1
ear,sea,1,1,1,230,1
id,ear,1,1,1,219,1
wing,ear,1,1,1,208,1
ear,pi,1,1,1,193,1
ear,ct,1,1,1,193,1
thy,id,1,1,1,189,1
ct,tea,1,1,1,182,1
eon,co,1,1,1,179,1
ring,eat,1,1,1,177,1
go,ear,1,1,1,175,1
id,sing,1,1,1,173,1
eat,id,1,1,1,172,1
thy,pi,1,1,1,168,1
eon,my,1,1,1,161,1
sea,ct,1,1,1,151,1
id,tea,1,1,1,147,1
thing,ear,1,1,1,130,1
wing,ct,1,1,1,128,1
do,eon,1,1,1,124,1
eat,pi,1,1,1,119,1
thing,pi,1,1,1,115,1
eon,me,1,1,1,115,1
ct,pi,1,1,1,108,1
wing,eat,1,1,1,102,1
sing,via,1,1,1,96,1
eon,up,1,1,1,96,1
us,eon,1,1,1,89,1
pi,thy,1,1,1,89,1
pi,sing,1,1,1,85,1
sing,tea,1,1,1,82,1
up,eon,1,1,1,78,1
id,wing,1,1,1,77,1
ear,id,1,1,1,76,1
ct,thing,1,1,1,76,1
sea,eon,1,1,1,73,1
via,eat,1,1,1,67,1
sing,id,1,1,1,65,1
pi,ear,1,1,1,60,1
via,sing,1,1,1,59,1
via,thy,1,1,1,59,1
ear,tea,1,1,1,59,1
wing,id,1,1,1,58,1
ear,eon,1,1,1,54,1
ct,thy,1,1,1,52,1
tea,pi,1,1,1,51,1
eon,us,1,1,1,50,1
co,eon,1,1,1,50,1
thing,ct,1,1,1,45,1
eon,go,1,1,1,43,1
id,eon,1,1,1,42,1
tea,ct,1,1,1,40,1
