them,1,368383193,1
vol,1,359994785,1
him,1,334412568,1
fig,1,292685171,1
year,1,205470031,1
you,1,171653810,1
her,1,170427245,1
sec,1,155572989,1
day,1,146326552,1
hon,1,129903709,1
that,1,124710327,1
not,1,119002059,1
out,1,117506120,1
law,1,116917334,1
one,1,109395146,1
way,1,107296416,1
all,1,107287423,1
sir,1,103300862,1
iii,1,93977930,1
man,1,91933858,1
act,1,91563458,1
now,1,86145094,1
area,1,85309548,1
too,1,83413267,1
this,1,82441297,1
yes,1,80601173,1
war,1,76660793,1
art,1,70879170,1
men,1,66761658,1
god,1,66548409,1
head,1,63961786,1
use,1,62980708,1
death,1,59203233,1
esq,1,55470726,1
off,1,52844021,1
for,1,50462125,1
age,1,49495584,1
etc,1,45505616,1
end,1,45475867,1
soc,1,45273866,1
inc,1,45265307,1
ago,1,43636548,1
own,1,42360488,1
things,1,41409506,1
ave,1,41356398,1
app,1,40100252,1
was,1,40091827,1
pub,1,39854057,1
res,1,39521563,1
cal,1,39508327,1
long,1,39393634,1
ohio,1,38559781,1
eds,1,38267921,1
air,1,37591078,1
with,1,35500669,1
say,1,34750956,1
did,1,33485744,1
and,1,32386489,1
earth,1,32017731,1
are,1,29453072,1
then,1,29054733,1
each,1,28198925,1
min,1,28172655,1
div,1,27841711,1
ser,1,27790342,1
see,1,27517513,1
job,1,27186330,1
bed,1,26962965,1
ann,1,26163115,1
ill,1,25869550,1
can,1,25533386,1
med,1,25515783,1
vii,1,25217156,1
dead,1,24792214,1
car,1,24655072,1
cit,1,24091510,1
old,1,23374172,1
tel,1,23196170,1
being,1,22982418,1
east,1,22872063,1
fed,1,22465917,1
lbs,1,22259178,1
why,1,22005317,1
ins,1,21789171,1
son,1,21716766,1
tax,1,21384307,1
both,1,21111979,1
com,1,21087632,1
eye,1,19543256,1
sun,1,19126175,1
nat,1,19096120,1
oil,1,19086204,1
may,1,19061729,1
mrs,1,18878093,1
ref,1,18255581,1
yet,1,17862226,1
reg,1,17742588,1
rev,1,17703110,1
set,1,17155200,1
par,1,16888443,1
read,1,16716104,1
col,1,16484805,1
idea,1,16197333,1
box,1,16196134,1
low,1,16081580,1
had,1,16030547,1
gas,1,15981737,1
die,1,15718515,1
doing,1,15529589,1
met,1,15405104,1
pay,1,15296532,1
lab,1,15261214,1
bar,1,15076526,1
con,1,15056773,1
arm,1,15050924,1
iowa,1,14878937,1
boy,1,14867698,1
run,1,14596638,1
mean,1,13656318,1
heat,1,13500782,1
new,1,13463980,1
his,1,13424218,1
cap,1,13398856,1
aid,1,13142579,1
top,1,12939208,1
net,1,12890595,1
bay,1,12836898,1
asia,1,12372219,1
doc,1,12229345,1
path,1,12059032,1
dec,1,12027028,1
fear,1,11904523,1
sky,1,11878481,1
red,1,11793622,1
bad,1,11768899,1
math,1,11645174,1
cat,1,11593588,1
map,1,11414370,1
thee,1,11384157,1
cong,1,11380068,1
team,1,11359592,1
far,1,11152410,1
xii,1,11014380,1
does,1,10957452,1
lot,1,10636778,1
how,1,10589887,1
sex,1,10476892,1
nov,1,10286863,1
seat,1,10094212,1
var,1,9871375,1
eff,1,9797868,1
xiv,1,9706260,1
easy,1,9679233,1
nos,1,9671157,1
cor,1,9544815,1
going,1,9489761,1
sin,1,9446962,1
pop,1,9071501,1
lib,1,8989103,1
rel,1,8956244,1
leg,1,8839256,1
oct,1,8833002,1
gen,1,8822410,1
dry,1,8812076,1
deal,1,8573353,1
sup,1,8523833,1
fee,1,8413386,1
lead,1,8412617,1
ears,1,8390127,1
any,1,8286089,1
song,1,8214904,1
dog,1,8188023,1
ice,1,8066173,1
rec,1,7989179,1
due,1,7895569,1
hear,1,7888171,1
joy,1,7887019,1
era,1,7874407,1
ton,1,7872992,1
dear,1,7849375,1
jan,1,7808095,1
mem,1,7797340,1
bro,1,7769230,1
real,1,7767732,1
cut,1,7758553,1
esp,1,7632911,1
aug,1,7620390,1
mus,1,7561200,1
feb,1,7555266,1
mar,1,7410075,1
xvi,1,7399569,1
thos,1,7355663,1
six,1,7277792,1
meal,1,7218337,1
lat,1,7007235,1
few,1,6960585,1
dig,1,6826400,1
fit,1,6781301,1
tom,1,6762462,1
loc,1,6735346,1
yeah,1,6733874,1
key,1,6657227,1
bath,1,6558967,1
they,1,6555565,1
bot,1,6535951,1
max,1,6461482,1
row,1,6453022,1
gun,1,6413184,1
lie,1,6336779,1
bit,1,6328794,1
bag,1,6307236,1
deg,1,6277870,1
fun,1,6176976,1
sam,1,6132196,1
meat,1,6110996,1
mag,1,6107161,1
ask,1,5994304,1
ind,1,5969264,1
cry,1,5916769,1
bus,1,5880226,1
fat,1,5819974,1
rom,1,5705978,1
pat,1,5691753,1
roy,1,5682410,1
she,1,5672294,1
que,1,5609042,1
ore,1,5590380,1
has,1,5582656,1
sub,1,5565765,1
bear,1,5539739,1
weak,1,5491288,1
win,1,5442373,1
poet,1,5421289,1
lit,1,5390918,1
dis,1,5340108,1
sat,1,5320091,1
lee,1,5240867,1
pet,1,5192065,1
hot,1,5148232,1
wings,1,5109373,1
poem,1,5084473,1
gal,1,5080384,1
saw,1,5030789,1
get,1,4927328,1
mad,1,4893484,1
ver,1,4876317,1
ten,1,4865645,1
beam,1,4863124,1
ease,1,4854623,1
pen,1,4829019,1
sum,1,4763604,1
xix,1,4755354,1
seas,1,4738678,1
dam,1,4704036,1
apr,1,4692956,1
bur,1,4689832,1
hat,1,4639543,1
fly,1,4582477,1
cup,1,4545861,1
add,1,4543413,1
ions,1,4538332,1
ass,1,4520741,1
mon,1,4490685,1
who,1,4425595,1
est,1,4351851,1
wear,1,4348401,1
pan,1,4326425,1
dad,1,4256080,1
try,1,4215036,1
won,1,4205892,1
seal,1,4166389,1
tit,1,4161885,1
hrs,1,4133974,1
near,1,4130943,1
mol,1,4116129,1
ray,1,4100025,1
gap,1,4074013,1
rings,1,4070752,1
pap,1,4066307,1
mme,1,4057981,1
leaf,1,4057975,1
tab,1,4047342,1
mat,1,4035030,1
hen,1,4031981,1
tip,1,4014004,1
rear,1,4000896,1
but,1,3995161,1
buy,1,3975413,1
gear,1,3911362,1
rat,1,3871737,1
guy,1,3861747,1
xxi,1,3797537,1
kings,1,3773000,1
tex,1,3763627,1
dying,1,3739749,1
rod,1,3713014,1
rep,1,3705417,1
wis,1,3679042,1
hay,1,3675297,1
edw,1,3671096,1
lap,1,3665339,1
lip,1,3654166,1
www,1,3652537,1
ans,1,3637720,1
jun,1,3622254,1
ant,1,3617716,1
ord,1,3537390,1
pot,1,3496106,1
mom,1,3485398,1
web,1,3467021,1
bow,1,3434511,1
wet,1,3401072,1
pro,1,3376539,1
inn,1,3364708,1
kong,1,3360729,1
pit,1,3347245,1
peak,1,3277234,1
huh,1,3276957,1
fin,1,3265683,1
mud,1,3225492,1
pol,1,3132872,1
dev,1,3103901,1
singing,1,3075429,1
oath,1,3048381,1
egg,1,3045167,1
vet,1,3039974,1
mix,1,3030503,1
bias,1,3021995,1
aging,1,3017234,1
fox,1,3015878,1
yrs,1,3013177,1
kid,1,3009167,1
sad,1,2993130,1
opt,1,2989210,1
tim,1,2978104,1
goes,1,2974706,1
ben,1,2954354,1
wit,1,2947553,1
mil,1,2932476,1
eating,1,2923753,1
thin,1,2902480,1
dan,1,2898891,1
cow,1,2897317,1
hit,1,2863295,1
ash,1,2852731,1
pig,1,2849532,1
vic,1,2845387,1
jaw,1,2824856,1
beat,1,2810984,1
thus,1,2783758,1
ber,1,2773983,1
aim,1,2735647,1
dean,1,2724762,1
diam,1,2674176,1
put,1,2653691,1
alt,1,2652667,1
bid,1,2637276,1
jur,1,2629074,1
xxv,1,2590715,1
abs,1,2576558,1
tin,1,2573274,1
imp,1,2566084,1
arc,1,2559540,1
fax,1,2553827,1
lay,1,2533151,1
dak,1,2528716,1
sol,1,2524123,1
mod,1,2515167,1
per,1,2505209,1
bye,1,2476378,1
jim,1,2472586,1
ala,1,2466908,1
got,1,2457102,1
sac,1,2454393,1
ink,1,2433571,1
ups,1,2414834,1
pis,1,2414699,1
val,1,2389397,1
den,1,2373193,1
lid,1,2357470,1
syn,1,2348722,1
lin,1,2336699,1
lung,1,2331555,1
nil,1,2325646,1
eve,1,2311321,1
log,1,2306831,1
fri,1,2300915,1
ger,1,2295263,1
jean,1,2288924,1
lion,1,2288101,1
oak,1,2280854,1
van,1,2253041,1
big,1,2250052,1
fan,1,2230157,1
myth,1,2194480,1
pin,1,2175155,1
rot,1,2172888,1
toes,1,2168031,1
obs,1,2167538,1
rim,1,2124976,1
fiz,1,2124567,1
mos,1,2082555,1
rang,1,2072803,1
quo,1,2063397,1
dom,1,2029727,1
tie,1,2022417,1
bob,1,1992111,1
xxx,1,1984666,1
bet,1,1978460,1
sig,1,1958990,1
ruth,1,1939157,1
using,1,1928218,1
kit,1,1920662,1
wed,1,1898473,1
ham,1,1897536,1
ark,1,1888000,1
rob,1,1854396,1
nod,1,1848129,1
cod,1,1817388,1
psi,1,1817073,1
hip,1,1815075,1
jew,1,1807554,1
don,1,1804953,1
sit,1,1802058,1
lying,1,1794956,1
kin,1,1793741,1
ran,1,1776339,1
wax,1,1768687,1
gay,1,1766339,1
fog,1,1761458,1
cab,1,1760597,1
apt,1,1735219,1
nom,1,1733485,1
plea,1,1727154,1
swing,1,1707908,1
lad,1,1706054,1
cox,1,1701192,1
hut,1,1700605,1
lang,1,1680125,1
hey,1,1680048,1
pal,1,1659616,1
wow,1,1655724,1
ego,1,1654541,1
pie,1,1653751,1
bring,1,1641112,1
hum,1,1638945,1
ram,1,1638222,1
jet,1,1636345,1
aye,1,1606261,1
hug,1,1596107,1
jar,1,1588773,1
phi,1,1582527,1
ges,1,1578213,1
sen,1,1575522,1
lon,1,1575070,1
shoe,1,1572644,1
thou,1,1562297,1
lev,1,1535379,1
led,1,1531904,1
ther,1,1527091,1
liv,1,1522724,1
tear,1,1516020,1
gut,1,1508165,1
pad,1,1500954,1
bee,1,1496590,1
sue,1,1494769,1
deaf,1,1487998,1
fur,1,1486301,1
def,1,1480281,1
odd,1,1464369,1
bat,1,1460471,1
dip,1,1449761,1
nut,1,1440530,1
sep,1,1436794,1
nec,1,1435809,1
mer,1,1429997,1
ads,1,1428745,1
let,1,1424214,1
leon,1,1409955,1
awe,1,1407144,1
dial,1,1402147,1
rpm,1,1401147,1
gang,1,1391831,1
rem,1,1386266,1
sur,1,1374956,1
zeal,1,1368908,1
des,1,1366243,1
bud,1,1365905,1
amp,1,1360940,1
foes,1,1348340,1
mac,1,1345817,1
eph,1,1329601,1
earl,1,1325669,1
gov,1,1325541,1
than,1,1324409,1
gaz,1,1322095,1
heath,1,1319649,1
mob,1,1315703,1
aff,1,1307446,1
ken,1,1293956,1
mum,1,1292518,1
hue,1,1291362,1
sov,1,1290517,1
chi,1,1287857,1
peas,1,1286977,1
singh,1,1279569,1
tar,1,1274234,1
ult,1,1270177,1
del,1,1267891,1
ate,1,1237963,1
its,1,1227823,1
tub,1,1222163,1
cum,1,1220356,1
gum,1,1218702,1
fro,1,1218478,1
heal,1,1216469,1
mph,1,1214571,1
nam,1,1213988,1
yeas,1,1211879,1
tag,1,1196571,1
bang,1,1194056,1
bin,1,1188459,1
pox,1,1184250,1
cur,1,1182528,1
pos,1,1181291,1
fam,1,1181125,1
dye,1,1172657,1
cam,1,1168692,1
gel,1,1164182,1
jap,1,1160880,1
heap,1,1141199,1
amt,1,1129214,1
yen,1,1123646,1
ida,1,1119714,1
dee,1,1111767,1
jay,1,1105171,1
sion,1,1103492,1
neg,1,1097534,1
fir,1,1092288,1
cop,1,1073639,1
earn,1,1069612,1
ale,1,1066105,1
ted,1,1061655,1
fix,1,1051317,1
lam,1,1049965,1
nay,1,1044077,1
dim,1,1044048,1
liar,1,1037186,1
hung,1,1036713,1
moth,1,1032876,1
bean,1,1030208,1
vat,1,1029082,1
ers,1,1027248,1
raw,1,1027221,1
nor,1,1020206,1
sung,1,1019048,1
dew,1,1012727,1
tan,1,1010040,1
kan,1,1009454,1
spy,1,1006969,1
dot,1,1003490,1
cos,1,1000322,1
amy,1,999254,1
von,1,996905,1
pur,1,995391,1
ban,1,989800,1
axe,1,984937,1
jam,1,983208,1
tap,1,981488,1
bal,1,981048,1
abb,1,980053,1
ali,1,975989,1
zoo,1,970259,1
riot,1,960720,1
deb,1,955616,1
sic,1,953502,1
biog,1,950619,1
our,1,942493,1
seam,1,941116,1
rye,1,930682,1
ace,1,930363,1
meth,1,928893,1
ned,1,924059,1
fry,1,923461,1
mead,1,918274,1
aft,1,916941,1
neb,1,916305,1
sis,1,915815,1
nap,1,913151,1
mor,1,907534,1
shy,1,905404,1
mas,1,896055,1
lis,1,895087,1
toy,1,894812,1
sang,1,890770,1
sim,1,890164,1
rum,1,886540,1
bap,1,882121,1
ren,1,875434,1
hub,1,873556,1
mal,1,873041,1
leak,1,871287,1
rib,1,868782,1
ada,1,868107,1
gin,1,861490,1
rug,1,860051,1
pus,1,858906,1
tow,1,858258,1
din,1,855818,1
ist,1,849819,1
zion,1,847843,1
kim,1,845514,1
ira,1,844150,1
beg,1,839495,1
hal,1,839309,1
als,1,839142,1
peat,1,835408,1
vis,1,832746,1
haw,1,832070,1
gym,1,831285,1
san,1,831280,1
sal,1,825488,1
mis,1,821990,1
owl,1,819615,1
ana,1,817209,1
jon,1,814581,1
coed,1,812094,1
mun,1,811502,1
bom,1,811393,1
lim,1,798456,1
pas,1,797782,1
jud,1,797646,1
lag,1,789269,1
tor,1,783210,1
roth,1,781763,1
non,1,776844,1
dos,1,769329,1
hop,1,761994,1
hmm,1,761535,1
sap,1,755897,1
mit,1,750901,1
bib,1,745810,1
pam,1,741941,1
spa,1,741008,1
hem,1,738143,1
nie,1,736535,1
beth,1,731650,1
sel,1,731226,1
rig,1,728675,1
ity,1,727167,1
att,1,727033,1
urea,1,724114,1
lan,1,723914,1
nun,1,722827,1
bug,1,718986,1
kay,1,716668,1
ringing,1,703588,1
mai,1,700526,1
beak,1,697568,1
sting,1,692442,1
wes,1,689135,1
ely,1,689103,1
sow,1,686191,1
leap,1,683588,1
vid,1,683381,1
siam,1,681519,1
eva,1,681064,1
meg,1,678225,1
rad,1,678088,1
abc,1,675789,1
cot,1,675312,1
lear,1,673038,1
neat,1,671865,1
dol,1,670512,1
sob,1,670338,1
les,1,662840,1
flo,1,659143,1
urn,1,654871,1
ron,1,653406,1
joel,1,649156,1
ell,1,646654,1
arb,1,645688,1
feat,1,645517,1
luc,1,644688,1
mir,1,644661,1
mid,1,644139,1
cub,1,642534,1
pre,1,637549,1
der,1,636581,1
ops,1,634515,1
wang,1,627892,1
sip,1,625451,1
ric,1,623652,1
fab,1,623524,1
sei,1,619302,1
vow,1,618075,1
lac,1,617301,1
sod,1,612906,1
gem,1,607961,1
mel,1,605840,1
ire,1,601894,1
cue,1,598742,1
aha,1,589375,1
cps,1,588315,1
hos,1,587073,1
ivy,1,586933,1
err,1,585506,1
hud,1,585177,1
yep,1,584404,1
cad,1,583694,1
han,1,574336,1
fid,1,570758,1
tinge,1,568471,1
jos,1,567291,1
hid,1,563878,1
bra,1,562779,1
bel,1,560384,1
yang,1,560136,1
wid,1,553371,1
neal,1,552923,1
lou,1,552398,1
rex,1,549048,1
rag,1,545336,1
flu,1,539108,1
woes,1,537330,1
ons,1,536320,1
mic,1,534244,1
vac,1,531740,1
fay,1,531245,1
wat,1,530541,1
sean,1,529515,1
nan,1,529214,1
kas,1,528996,1
mug,1,528627,1
fil,1,528612,1
seth,1,523088,1
alb,1,516248,1
wig,1,514124,1
ebb,1,513960,1
dung,1,512819,1
lean,1,511713,1
bac,1,510813,1
elk,1,509463,1
ach,1,506542,1
cav,1,505196,1
dif,1,504914,1
hom,1,504637,1
ccc,1,503016,1
pear,1,501152,1
tee,1,494501,1
wer,1,492852,1
lod,1,488216,1
tas,1,488213,1
ism,1,487035,1
ens,1,483791,1
elm,1,482740,1
ess,1,480389,1
hog,1,479096,1
aus,1,477682,1
pod,1,476457,1
peg,1,474917,1
bog,1,473101,1
sings,1,472146,1
ars,1,471509,1
uni,1,470464,1
pic,1,469952,1
asp,1,466166,1
dod,1,465969,1
loo,1,461922,1
jug,1,461383,1
mot,1,461118,1
bah,1,460460,1
cha,1,457735,1
trio,1,456269,1
bis,1,454923,1
aaa,1,454310,1
ugh,1,454146,1
eli,1,452790,1
sil,1,451407,1
sid,1,451336,1
wil,1,450844,1
tung,1,448205,1
thud,1,446588,1
ewing,1,445306,1
dow,1,444931,1
two,1,443844,1
paw,1,442760,1
sax,1,441600,1
tug,1,437228,1
und,1,433318,1
dun,1,433099,1
noel,1,432829,1
veg,1,427767,1
lvi,1,427179,1
fem,1,427122,1
bead,1,425558,1
sed,1,424460,1
hinge,1,422804,1
ami,1,420792,1
das,1,415820,1
rub,1,415029,1
ped,1,414913,1
bor,1,414731,1
liz,1,414178,1
wan,1,411910,1
rap,1,411856,1
mao,1,409826,1
hah,1,408813,1
hun,1,407629,1
faa,1,407496,1
jen,1,406062,1
vin,1,403492,1
ape,1,403119,1
iso,1,400841,1
scr,1,399265,1
gee,1,391559,1
mam,1,391111,1
dal,1,390677,1
fer,1,390640,1
gil,1,390005,1
ere,1,389939,1
bos,1,389457,1
sar,1,388801,1
mes,1,388332,1
dug,1,387588,1
tal,1,387289,1
rey,1,386307,1
ley,1,386132,1
nah,1,385798,1
goa,1,385068,1
bas,1,383558,1
ait,1,383082,1
bon,1,382274,1
hang,1,381989,1
bun,1,380058,1
dor,1,379639,1
raf,1,379582,1
orr,1,379326,1
fiat,1,377584,1
eel,1,377142,1
jig,1,376566,1
tot,1,375249,1
som,1,374551,1
sling,1,373429,1
lor,1,372779,1
thom,1,372433,1
cho,1,371080,1
fie,1,369811,1
lex,1,368651,1
lax,1,368595,1
tat,1,368095,1
vie,1,365903,1
gig,1,365467,1
coy,1,365447,1
raj,1,365212,1
aero,1,364844,1
gao,1,364647,1
beau,1,364450,1
hew,1,363821,1
sag,1,360275,1
rus,1,360241,1
zip,1,358781,1
gus,1,357885,1
tes,1,357128,1
vial,1,354695,1
asa,1,353961,1
hoc,1,351116,1
icc,1,350201,1
ode,1,349775,1
oar,1,349341,1
dei,1,347242,1
tang,1,342732,1
ava,1,341653,1
syd,1,341611,1
lai,1,340688,1
ems,1,339891,1
lep,1,338787,1
wei,1,338152,1
fob,1,337678,1
roi,1,336719,1
ast,1,334548,1
pew,1,334310,1
pes,1,331475,1
lys,1,330370,1
ids,1,329512,1
til,1,329217,1
jung,1,327199,1
pom,1,327119,1
thai,1,326289,1
ply,1,326266,1
tam,1,325589,1
gis,1,324678,1
lil,1,324535,1
jin,1,324071,1
ino,1,323245,1
iago,1,321962,1
gos,1,321758,1
bum,1,321675,1
rung,1,321006,1
joey,1,320525,1
orb,1,320469,1
yon,1,316836,1
sew,1,316652,1
lath,1,313344,1
weal,1,311963,1
leah,1,311936,1
moi,1,310016,1
teas,1,309682,1
sus,1,309633,1
oft,1,309449,1
sou,1,306988,1
seg,1,306575,1
hob,1,306056,1
pow,1,305264,1
reap,1,305099,1
lith,1,304817,1
sri,1,304133,1
cel,1,302879,1
los,1,301495,1
noes,1,300443,1
ova,1,299283,1
coo,1,298921,1
fad,1,297676,1
hag,1,297488,1
pfc,1,297088,1
rut,1,296222,1
doer,1,295591,1
gar,1,295028,1
het,1,295028,1
dub,1,294819,1
owe,1,294496,1
bru,1,294331,1
gag,1,293684,1
hep,1,292495,1
tic,1,291694,1
pun,1,291235,1
tib,1,291125,1
aba,1,290367,1
thaw,1,289890,1
shea,1,289595,1
lew,1,289556,1
pak,1,288384,1
ard,1,288159,1
thor,1,288019,1
abe,1,287304,1
hel,1,286615,1
ching,1,286476,1
cis,1,286442,1
ado,1,285354,1
eta,1,285335,1
bam,1,284927,1
url,1,283019,1
bingo,1,281741,1
icing,1,280481,1
apa,1,279201,1
wong,1,277842,1
wen,1,277394,1
owing,1,276651,1
kat,1,274717,1
ingot,1,274700,1
mee,1,274370,1
sly,1,273083,1
kai,1,273018,1
shi,1,272786,1
ree,1,271997,1
boo,1,271135,1
qua,1,270792,1
rue,1,270660,1
veal,1,270306,1
pip,1,270011,1
dong,1,268751,1
dion,1,268292,1
ama,1,267380,1
len,1,266829,1
pup,1,266744,1
tra,1,265845,1
ata,1,265205,1
fra,1,264770,1
cob,1,264128,1
tao,1,263829,1
diaz,1,263799,1
alf,1,263387,1
gon,1,260149,1
tut,1,257037,1
elf,1,255244,1
kean,1,253675,1
fang,1,252125,1
eats,1,250276,1
ito,1,249637,1
tig,1,249468,1
ohm,1,249283,1
nye,1,246400,1
lye,1,246162,1
lah,1,245901,1
zen,1,245672,1
sos,1,245435,1
nee,1,245233,1
tec,1,244897,1
btu,1,244252,1
tol,1,244238,1
kath,1,244071,1
yer,1,243972,1
rip,1,241851,1
neth,1,241355,1
pang,1,239189,1
moo,1,239136,1
dar,1,238961,1
ure,1,238927,1
pta,1,238654,1
bey,1,238526,1
ide,1,235698,1
ani,1,235377,1
hoo,1,235198,1
gyn,1,235112,1
gong,1,235086,1
woo,1,235065,1
ski,1,233538,1
mim,1,233363,1
sah,1,232107,1
sty,1,231872,1
hym,1,231469,1
gan,1,231296,1
eld,1,230428,1
dix,1,228065,1
una,1,226818,1
roc,1,226060,1
tun,1,225930,1
fen,1,225480,1
lar,1,225266,1
fas,1,225206,1
yin,1,223337,1
las,1,223204,1
alia,1,223097,1
iff,1,222657,1
ish,1,222165,1
aria,1,222156,1
arn,1,221539,1
nob,1,219963,1
beng,1,219346,1
yup,1,219134,1
nar,1,217377,1
sib,1,217212,1
ain,1,217101,1
ewe,1,216984,1
els,1,216944,1
ous,1,215083,1
bod,1,213743,1
goth,1,213389,1
hap,1,212385,1
lei,1,211332,1
gad,1,209794,1
nag,1,209487,1
dum,1,209388,1
lui,1,208395,1
hath,1,208148,1
pith,1,207461,1
ary,1,207442,1
ras,1,206549,1
ker,1,205444,1
eft,1,205378,1
pee,1,205183,1
emu,1,204940,1
tau,1,204914,1
lux,1,203645,1
ame,1,202710,1
tis,1,201448,1
ike,1,199650,1
che,1,199645,1
ecu,1,199539,1
fah,1,198516,1
tri,1,198410,1
koh,1,197523,1
cling,1,195595,1
goo,1,195046,1
sox,1,194289,1
jus,1,193959,1
stu,1,193452,1
bab,1,192653,1
ort,1,192258,1
pah,1,191992,1
fling,1,190706,1
sha,1,190529,1
aux,1,190487,1
aas,1,189799,1
lug,1,189683,1
cid,1,189403,1
heh,1,189364,1
ene,1,189292,1
sud,1,189251,1
oas,1,188821,1
duo,1,188600,1
mop,1,188560,1
ich,1,188442,1
toi,1,188149,1
meath,1,187819,1
icy,1,186129,1
tod,1,185988,1
une,1,184957,1
nit,1,184559,1
keg,1,183559,1
zap,1,182787,1
tay,1,182611,1
kee,1,182396,1
lop,1,182089,1
tai,1,180952,1
nas,1,179330,1
ats,1,179328,1
rai,1,178870,1
ail,1,178855,1
lav,1,178411,1
sop,1,178096,1
maw,1,177946,1
hui,1,177228,1
hee,1,176798,1
wag,1,176053,1
ade,1,175719,1
ilk,1,174051,1
fung,1,173697,1
fut,1,173685,1
hoy,1,173064,1
ler,1,172321,1
doo,1,172269,1
mig,1,172049,1
shu,1,171857,1
flea,1,171665,1
oat,1,171603,1
gra,1,171400,1
pep,1,171095,1
tav,1,170992,1
jed,1,170451,1
yan,1,170022,1
kon,1,169331,1
sot,1,169095,1
hong,1,168954,1
rab,1,168844,1
tue,1,167717,1
ifs,1,167139,1
tum,1,166937,1
neon,1,166830,1
fes,1,165551,1
yah,1,165403,1
obi,1,165367,1
yeh,1,164797,1
baer,1,164458,1
teal,1,163177,1
ife,1,162730,1
mow,1,162503,1
bbb,1,161828,1
fps,1,161098,1
ane,1,160723,1
equ,1,160687,1
loeb,1,159914,1
nep,1,159211,1
yew,1,159086,1
luz,1,157735,1
ase,1,157036,1
ole,1,156285,1
hoi,1,155316,1
uri,1,155309,1
mab,1,154567,1
thru,1,154181,1
yam,1,153749,1
hus,1,153749,1
bes,1,153513,1
wye,1,151943,1
lig,1,150835,1
beal,1,150574,1
rid,1,150521,1
naw,1,150482,1
ute,1,149639,1
tong,1,149312,1
thong,1,147922,1
alp,1,147479,1
rud,1,147173,1
jib,1,147060,1
mou,1,146527,1
ara,1,146135,1
asc,1,146074,1
cay,1,145191,1
dag,1,145005,1
wee,1,144861,1
erg,1,144249,1
mau,1,144168,1
hex,1,143862,1
iota,1,143570,1
peal,1,143303,1
doth,1,142780,1
ila,1,142681,1
ita,1,142035,1
nix,1,141621,1
tad,1,141298,1
sla,1,141144,1
pry,1,140925,1
ged,1,140559,1
vor,1,140480,1
edo,1,139393,1
yum,1,138900,1
pul,1,138887,1
tur,1,138717,1
reh,1,138690,1
ora,1,138311,1
lum,1,137947,1
zee,1,137587,1
shh,1,137387,1
rei,1,137186,1
pix,1,137186,1
hie,1,137001,1
cyr,1,136379,1
feh,1,136222,1
kil,1,136151,1
vas,1,136077,1
clio,1,135653,1
lud,1,135590,1
oui,1,135496,1
jem,1,134947,1
liang,1,134712,1
nig,1,133830,1
mak,1,133608,1
dab,1,133016,1
twa,1,132995,1
nab,1,132490,1
fib,1,131636,1
oda,1,131475,1
fez,1,131260,1
ket,1,130968,1
teak,1,130939,1
oot,1,130926,1
jog,1,130922,1
hoes,1,129994,1
kip,1,129825,1
tid,1,128485,1
uno,1,127236,1
loy,1,126737,1
nis,1,126564,1
ose,1,126558,1
oboe,1,126481,1
fop,1,125611,1
reb,1,125426,1
hin,1,125231,1
kang,1,124608,1
hir,1,124346,1
boeing,1,124243,1
nox,1,123198,1
rhea,1,122900,1
loa,1,122188,1
ream,1,122169,1
duh,1,121339,1
dit,1,121191,1
hes,1,120936,1
sho,1,120835,1
poo,1,119862,1
lao,1,118527,1
vos,1,118316,1
baa,1,118315,1
gab,1,118275,1
viol,1,117076,1
qui,1,117002,1
soy,1,116699,1
rho,1,116578,1
foy,1,116508,1
roo,1,116486,1
rog,1,116042,1
leas,1,116029,1
sie,1,115993,1
rew,1,115822,1
yao,1,115679,1
lias,1,115572,1
aga,1,115220,1
hyp,1,115021,1
ono,1,114538,1
aix,1,114113,1
bim,1,113894,1
pong,1,113704,1
teat,1,113701,1
gael,1,113689,1
ome,1,113332,1
auk,1,113237,1
naa,1,113118,1
git,1,113026,1
rsa,1,113003,1
fag,1,112623,1
nip,1,112348,1
foo,1,112316,1
rit,1,111809,1
tying,1,111340,1
hsi,1,110742,1
pau,1,109563,1
pec,1,108790,1
dex,1,108555,1
loth,1,108217,1
kep,1,107878,1
pei,1,107824,1
jab,1,107641,1
dao,1,107010,1
wad,1,106970,1
rath,1,106964,1
boa,1,106815,1
binge,1,106805,1
auf,1,106742,1
leu,1,106470,1
jot,1,106261,1
sai,1,105848,1
kung,1,105796,1
kiang,1,105623,1
zed,1,105076,1
sui,1,104618,1
ftp,1,104594,1
awa,1,104192,1
pye,1,103885,1
gor,1,103487,1
pion,1,103194,1
elia,1,102236,1
och,1,101924,1
earp,1,101656,1
mah,1,101487,1
gul,1,101296,1
tsh,1,101149,1
cog,1,100900,1
urs,1,100718,1
rox,1,100634,1
lingo,1,100467,1
ope,1,100334,1
yap,1,100066,1
yaw,1,99870,1
hoeing,1,99827,1
tcp,1,99435,1
fet,1,99428,1
cud,1,99290,1
yun,1,98701,1
tet,1,98588,1
uns,1,98402,1
mks,1,98280,1
ags,1,98144,1
dud,1,97397,1
pax,1,97271,1
rial,1,96795,1
thad,1,96670,1
nur,1,96496,1
oxy,1,96333,1
iva,1,95691,1
rif,1,95143,1
bop,1,94291,1
hao,1,94190,1
sma,1,94170,1
plu,1,94162,1
dey,1,94097,1
ein,1,93962,1
lif,1,93597,1
rios,1,92985,1
oho,1,92764,1
ooh,1,92616,1
nim,1,92613,1
tuc,1,92483,1
noa,1,92228,1
tak,1,92180,1
toc,1,92109,1
jong,1,92003,1
vim,1,91859,1
ods,1,91658,1
sez,1,91632,1
jai,1,91480,1
daw,1,91215,1
wah,1,91158,1
ust,1,90934,1
feu,1,90697,1
biz,1,90463,1
arf,1,89816,1
gob,1,89108,1
kol,1,88814,1
gam,1,88807,1
yee,1,88538,1
awl,1,88481,1
oor,1,88441,1
amu,1,88167,1
ays,1,87885,1
awn,1,87818,1
lob,1,87522,1
floe,1,87455,1
dup,1,87330,1
rin,1,87129,1
bios,1,86975,1
kor,1,86858,1
goer,1,86793,1
fei,1,86516,1
jag,1,85701,1
hod,1,85479,1
ilia,1,85463,1
thar,1,85006,1
boer,1,84840,1
yong,1,84792,1
aro,1,84550,1
apia,1,84321,1
thug,1,84195,1
boh,1,84023,1
hoa,1,83914,1
yos,1,83912,1
mang,1,83706,1
bong,1,83477,1
rah,1,83451,1
yad,1,83451,1
mew,1,83439,1
wok,1,83375,1
pst,1,83026,1
coz,1,82241,1
oop,1,81932,1
gath,1,81816,1
dang,1,81304,1
apo,1,81294,1
pug,1,80916,1
wai,1,80764,1
poi,1,80591,1
kop,1,80408,1
luv,1,80065,1
ola,1,79754,1
easing,1,79477,1
theb,1,79265,1
dias,1,78801,1
wot,1,78676,1
maia,1,78667,1
nei,1,78479,1
ake,1,78190,1
utc,1,77276,1
vom,1,77174,1
tez,1,76725,1
wim,1,76688,1
laer,1,76453,1
vig,1,76010,1
gaia,1,75760,1
ima,1,75716,1
neath,1,75409,1
abo,1,75333,1
rie,1,75059,1
yas,1,74147,1
hev,1,73861,1
yor,1,73157,1
diol,1,72981,1
phu,1,71972,1
kam,1,71776,1
nus,1,71708,1
ech,1,71508,1
ido,1,71375,1
bok,1,71123,1
maa,1,71051,1
nib,1,70684,1
pho,1,70429,1
wha,1,70081,1
eons,1,69734,1
gat,1,69651,1
sut,1,69638,1
taa,1,69293,1
ern,1,69165,1
wiz,1,69092,1
dah,1,68822,1
caw,1,68704,1
bub,1,68348,1
zag,1,68182,1
gol,1,68109,1
nub,1,68002,1
poa,1,67928,1
esth,1,67496,1
bion,1,67399,1
kir,1,67385,1
keb,1,67056,1
sao,1,66544,1
yar,1,66508,1
oon,1,66494,1
sear,1,66242,1
uva,1,65360,1
brae,1,65145,1
suing,1,65068,1
sey,1,64983,1
wac,1,64713,1
abu,1,64099,1
rok,1,63917,1
pyr,1,63705,1
pon,1,63353,1
boi,1,62941,1
fey,1,62862,1
ahs,1,62668,1
fon,1,62546,1
een,1,62453,1
oka,1,62154,1
aloe,1,62116,1
gib,1,62047,1
avo,1,62023,1
bys,1,62013,1
yow,1,61881,1
gur,1,61644,1
meng,1,60741,1
meow,1,60605,1
ohs,1,60398,1
riz,1,60060,1
thon,1,59612,1
taw,1,59326,1
glia,1,58874,1
kok,1,58865,1
noo,1,58755,1
jeb,1,58739,1
oreo,1,58694,1
pir,1,58633,1
pim,1,58250,1
tou,1,57454,1
aeon,1,57330,1
leal,1,56744,1
dingy,1,56575,1
chia,1,56547,1
vhf,1,56396,1
wry,1,56319,1
yak,1,56214,1
dha,1,56066,1
inger,1,56058,1
mya,1,56055,1
dian,1,56053,1
guv,1,55973,1
tew,1,55845,1
tux,1,55725,1
tui,1,55627,1
cep,1,55494,1
pud,1,55456,1
fou,1,55033,1
lut,1,54957,1
alo,1,54912,1
rez,1,54785,1
hau,1,54704,1
elt,1,54318,1
moy,1,54284,1
gud,1,53729,1
lings,1,53709,1
dob,1,53152,1
orc,1,52865,1
nog,1,52222,1
tua,1,51726,1
jor,1,51569,1
sian,1,51528,1
tog,1,51372,1
ufo,1,51171,1
thir,1,50843,1
swa,1,50824,1
ingle,1,50771,1
cru,1,50680,1
peon,1,50491,1
zan,1,50324,1
tings,1,50121,1
wap,1,49948,1
deor,1,49898,1
orf,1,49784,1
dso,1,49419,1
vox,1,49378,1
thoth,1,48900,1
uso,1,48499,1
eek,1,48381,1
hei,1,48146,1
leam,1,48099,1
bung,1,48088,1
wir,1,47962,1
aly,1,47668,1
yuh,1,47543,1
sik,1,47499,1
hox,1,47340,1
nou,1,47156,1
zur,1,47043,1
ule,1,46971,1
gif,1,46879,1
suk,1,46539,1
oke,1,46517,1
tup,1,46236,1
poh,1,45035,1
umm,1,44938,1
vex,1,44710,1
oca,1,44368,1
hic,1,44042,1
fum,1,43993,1
heth,1,43985,1
zin,1,43969,1
taj,1,43873,1
sau,1,43843,1
teg,1,43664,1
rix,1,43097,1
toed,1,43053,1
oaf,1,42985,1
hwa,1,42938,1
mingo,1,42742,1
doen,1,42554,1
leng,1,42494,1
oba,1,42214,1
ock,1,42204,1
zar,1,42067,1
nek,1,41924,1
oom,1,41768,1
mong,1,41331,1
oms,1,41167,1
gid,1,41053,1
rong,1,40879,1
cgi,1,40822,1
nid,1,40720,1
aru,1,40623,1
tye,1,40485,1
vue,1,40478,1
nys,1,40323,1
zig,1,40279,1
eer,1,40214,1
ahi,1,39832,1
aue,1,39783,1
gog,1,39737,1
wey,1,39568,1
gnu,1,39230,1
aka,1,39025,1
linga,1,38812,1
ady,1,38562,1
ssu,1,38420,1
wyn,1,38374,1
aah,1,38367,1
ula,1,38174,1
lof,1,37934,1
eke,1,37910,1
hak,1,37385,1
yip,1,37377,1
nop,1,37326,1
faw,1,37300,1
jingo,1,37120,1
brio,1,36921,1
ull,1,36892,1
jut,1,36807,1
dings,1,36271,1
xian,1,36221,1
hoh,1,36211,1
soh,1,36192,1
udo,1,35718,1
yuk,1,35405,1
ump,1,35265,1
lur,1,35143,1
lue,1,35094,1
sif,1,34688,1
muth,1,34678,1
lak,1,34565,1
haj,1,34293,1
ibo,1,34085,1
nef,1,33873,1
jat,1,33815,1
sok,1,33666,1
dingo,1,33611,1
hoed,1,33323,1
owt,1,33296,1
yag,1,33096,1
puy,1,32970,1
oof,1,32877,1
gyp,1,32867,1
fip,1,32816,1
vias,1,32259,1
gau,1,32076,1
mian,1,31757,1
roes,1,31404,1
laz,1,31206,1
sak,1,31192,1
koi,1,30921,1
thet,1,30616,1
nak,1,30588,1
dux,1,30383,1
kou,1,30224,1
thei,1,30069,1
doeth,1,30061,1
awd,1,29759,1
poz,1,29721,1
theat,1,29638,1
pian,1,29454,1
oud,1,29237,1
eme,1,29216,1
alae,1,29199,1
erd,1,28846,1
pings,1,28779,1
lox,1,28773,1
ruc,1,28749,1
wop,1,28686,1
meu,1,28648,1
dior,1,28641,1
hup,1,28623,1
zit,1,28498,1
miao,1,28389,1
kab,1,28371,1
eave,1,28238,1
unio,1,28134,1
gue,1,27711,1
hys,1,27646,1
jee,1,27484,1
uzi,1,27466,1
oleo,1,27432,1
ubi,1,27091,1
wos,1,27069,1
kow,1,27050,1
waw,1,27018,1
haem,1,26525,1
ony,1,26486,1
mias,1,26356,1
fot,1,26325,1
uvea,1,26239,1
earing,1,26065,1
tael,1,26000,1
twi,1,25935,1
eaux,1,25924,1
wean,1,25918,1
rak,1,25830,1
iwa,1,25727,1
ilea,1,25530,1
jeu,1,25429,1
goy,1,25410,1
rua,1,25334,1
puh,1,25292,1
zer,1,25186,1
bez,1,24762,1
thro,1,24754,1
foh,1,24689,1
wring,1,24320,1
zel,1,24194,1
gub,1,24159,1
fug,1,23848,1
dhu,1,23827,1
hye,1,23790,1
ciao,1,23486,1
kaf,1,23430,1
kha,1,23164,1
gaw,1,23053,1
singe,1,22603,1
kaw,1,22485,1
kra,1,22412,1
ush,1,22403,1
nux,1,22159,1
wem,1,22044,1
tead,1,21773,1
olio,1,21554,1
thew,1,21537,1
oos,1,21510,1
uke,1,21285,1
vod,1,21270,1
cion,1,21268,1
baw,1,21187,1
ibn,1,20992,1
aht,1,20626,1
wod,1,20496,1
irk,1,20328,1
throe,1,20165,1
khi,1,20033,1
ghi,1,20022,1
rhe,1,19956,1
neap,1,19876,1
sih,1,19720,1
kis,1,19718,1
iamb,1,19247,1
geon,1,18857,1
brr,1,18487,1
vag,1,18481,1
moz,1,18341,1
nul,1,18323,1
blo,1,18113,1
yed,1,18073,1
oys,1,17710,1
joes,1,17408,1
miz,1,17320,1
fod,1,17309,1
kye,1,17220,1
guz,1,17205,1
yod,1,17164,1
ringe,1,17150,1
urd,1,17120,1
ngai,1,17041,1
jpg,1,17022,1
hez,1,16958,1
aias,1,16947,1
xes,1,16664,1
gie,1,16310,1
erth,1,16247,1
keng,1,16077,1
sloe,1,15984,1
sith,1,15905,1
oik,1,15897,1
pgp,1,15875,1
yis,1,15866,1
pyx,1,15749,1
kui,1,15479,1
mung,1,15395,1
mings,1,15327,1
ouf,1,15273,1
yat,1,15241,1
isn,1,15225,1
ulu,1,15207,1
arx,1,15168,1
vang,1,15113,1
lym,1,14888,1
pias,1,14353,1
kua,1,14266,1
vei,1,14232,1
ruh,1,13853,1
kith,1,13847,1
winging,1,13789,1
ahm,1,13787,1
aby,1,13716,1
ziz,1,13528,1
voet,1,13309,1
gim,1,13268,1
piu,1,12973,1
wro,1,12748,1
pean,1,12664,1
thingy,1,12635,1
soth,1,12633,1
alea,1,12620,1
upo,1,12612,1
wus,1,12565,1
oum,1,12422,1
yez,1,12271,1
xis,1,12043,1
gaea,1,11899,1
zat,1,11726,1
piaf,1,11469,1
wath,1,11410,1
eard,1,11304,1
peh,1,11171,1
wun,1,11097,1
ceas,1,10945,1
leos,1,10799,1
linge,1,10677,1
sial,1,10602,1
wog,1,10465,1
viae,1,10393,1
yus,1,10207,1
moes,1,9924,1
dinge,1,9823,1
yot,1,9622,1
yeat,1,9426,1
haec,1,9309,1
lez,1,9288,1
laet,1,9079,1
ewc,1,8904,1
pung,1,8878,1
raia,1,8751,1
froe,1,8688,1
pria,1,8669,1
tiao,1,8597,1
cuing,1,8584,1
agio,1,8104,1
wur,1,7940,1
feal,1,7918,1
feg,1,7865,1
gez,1,7856,1
aking,1,7795,1
huk,1,7636,1
thay,1,7609,1
myn,1,7344,1
hings,1,7214,1
gey,1,7117,1
sye,1,6737,1
doeg,1,6518,1
aesc,1,6517,1
wex,1,6505,1
yob,1,6502,1
winge,1,6500,1
aecia,1,6472,1
jow,1,6386,1
vaw,1,6307,1
kue,1,6280,1
zad,1,6143,1
pinging,1,6069,1
wuh,1,5952,1
thow,1,5831,1
rhy,1,5831,1
teth,1,5778,1
eik,1,5763,1
gpg,1,5745,1
haen,1,5495,1
khu,1,5477,1
waes,1,5245,1
frae,1,5211,1
hying,1,5061,1
reos,1,4961,1
hinging,1,4950,1
awing,1,4936,1
geat,1,4893,1
thoo,1,4849,1
cang,1,4845,1
seah,1,4757,1
toeing,1,4734,1
ethe,1,4698,1
gean,1,4596,1
hoer,1,4580,1
wud,1,4502,1
kex,1,4288,1
oping,1,4241,1
yeth,1,4225,1
bings,1,4108,1
eking,1,4092,1
aery,1,4054,1
aping,1,4018,1
slae,1,3817,1
eale,1,3644,1
nuf,1,3611,1
vum,1,3605,1
eyn,1,3521,1
taes,1,3492,1
auh,1,3389,1
vying,1,3355,1
ginge,1,3241,1
owd,1,3169,1
moer,1,3075,1
axing,1,2949,1
eorl,1,2776,1
taen,1,2672,1
tyt,1,2649,1
gaed,1,2602,1
daer,1,2599,1
waer,1,2572,1
acing,1,2556,1
thof,1,2542,1
ruing,1,2516,1
theah,1,2383,1
eying,1,2214,1
meio,1,2185,1
tiar,1,2167,1
tuth,1,2103,1
uang,1,2090,1
eyd,1,2077,1
ingoing,1,1987,1
seax,1,1895,1
bleo,1,1804,1
dinging,1,1798,1
ouk,1,1778,1
tinging,1,1680,1
hoing,1,1547,1
wox,1,1540,1
haed,1,1490,1
tingi,1,1392,1
gaet,1,1386,1
haet,1,1349,1
zings,1,1306,1
gaen,1,1247,1
this,1,1194,1
and,1,1156,1
tsia,1,1086,1
spae,1,1063,1
year,1,1015,1
zingy,1,974,1
yead,1,970,1
ygo,1,942,1
oaep,1,934,1
peag,1,857,1
wingy,1,834,1
theow,1,744,1
that,1,717,1
whoe,1,676,1
foen,1,672,1
deaw,1,574,1
mingy,1,534,1
one,1,502,1
its,1,309,1
due,1,306,1
one,1,263,1
eathe,1,225,1
not,1,212,1
east,1,178,1
waeg,1,159,1
each,1,156,1
see,1,144,1
kaed,1,101,1
may,1,98,1
and,1,98,1
tee,1,94,1
this,1,88,1
each,1,86,1
rear,1,83,1
his,1,82,1
for,1,77,1
that,1,66,1
can,1,59,1
far,1,54,1
all,1,53,1
law,1,42,1
etc,1,41,1
tub,1,41,1
